1 603186 华正新材 31.45 6.61 1.95 0.06 6.05 1.29 8.07 1.38亿 0.74亿 23.18亿 67.98  
2 300657 弘信电子 22.97 6.29 1.36 0.04 3.54 1.15 7.31 0.90亿 1.13亿 25.88亿 45.11  
3 000733 振华科技 15.74 6.28 0.93 0.00 3.04 2.26 9.18 2.23亿 4.69亿 73.87亿 19.03  
4 002199 东晶电子 12.44 5.69 0.67 0.00 0.94 0.76 9.60 0.28亿 2.43亿 30.28亿 --  
5 300739 明阳电路 25.69 4.86 1.19 0.08 9.29 0.99 6.20 1.09亿 0.46亿 11.87亿 43.51  
6 603228 景旺电子 60.87 3.70 2.17 0.03 2.59 1.69 4.17 1.58亿 1.00亿 61.09亿 35.61  
7 603501 韦尔股份 54.80 3.16 1.68 1.11 1.41 0.63 5.40 1.07亿 1.41亿 77.01亿 122.25  
8 002138 顺络电子 19.70 2.71 0.52 0.00 1.51 0.69 4.90 2.09亿 6.99亿 137.72亿 47.33  
9 603328 依顿电子 11.22 2.65 0.29 0.09 0.82 0.89 3.57 0.91亿 9.93亿 111.36亿 24.51  
10 002077 大港股份 5.48 2.62 0.14 -0.18 4.08 1.12 9.36 1.18亿 5.32亿 29.14亿 --  
11 300223 北京君正 27.32 2.44 0.65 -0.04 1.84 0.55 3.19 0.61亿 1.21亿 33.15亿 560.33  
12 002134 天津普林 7.24 2.26 0.16 0.00 0.92 0.63 2.83 0.16亿 2.46亿 17.80亿 1009.65  
13 600183 生益科技 13.27 2.23 0.29 0.00 0.67 0.60 3.54 1.89亿 21.17亿 280.99亿 28.18  
14 600171 上海贝岭 13.50 2.19 0.29 0.07 2.75 0.62 4.09 2.50亿 6.74亿 90.96亿 24.04  
15 002119 康强电子 11.34 2.16 0.24 0.09 0.64 0.59 2.61 0.20亿 2.83亿 32.06亿 31.29  
16 002618 丹邦科技 14.69 2.01 0.29 0.07 0.72 0.62 5.42 0.58亿 5.48亿 80.49亿 829.74  
17 300346 南大光电 12.61 1.86 0.23 0.16 1.61 0.75 3.47 0.51亿 2.48亿 31.23亿 55.26  
18 603678 火炬电子 19.75 1.86 0.36 0.15 0.69 0.61 3.25 0.61亿 4.53亿 89.40亿 31.04  
19 002913 奥士康 48.72 1.69 0.81 0.00 3.28 0.52 3.88 0.58亿 0.36亿 17.55亿 37.67  
20 603386 广东骏亚 15.09 1.69 0.25 0.07 3.21 0.67 2.56 0.27亿 0.57亿 8.55亿 44.27  
21 600770 综艺股份 6.30 1.61 0.10 0.00 0.70 0.57 2.42 0.58亿 13.00亿 81.90亿 89.40  
22 300460 惠伦晶体 8.59 1.54 0.13 -0.35 1.01 0.75 3.66 0.15亿 1.68亿 14.45亿 --  
23 600237 铜峰电子 4.17 1.46 0.06 0.00 1.46 0.40 2.68 0.34亿 5.64亿 23.53亿 --  
24 000636 风华高科 13.45 1.43 0.19 0.00 2.75 0.64 2.04 3.30亿 8.95亿 120.41亿 19.16  
25 002636 金安国纪 8.23 1.35 0.11 0.00 1.26 0.53 2.34 0.26亿 2.46亿 20.28亿 57.94  
26 002049 紫光国微 41.59 1.34 0.55 0.07 2.08 0.61 2.90 5.22亿 6.06亿 252.14亿 94.07  
27 300613 富瀚微 89.77 1.32 1.17 0.02 1.65 0.63 2.60 0.19亿 0.13亿 11.62亿 --  
28 300373 扬杰科技 16.50 1.29 0.21 0.00 1.02 0.52 3.56 0.49亿 2.93亿 48.35亿 55.55  
29 300077 国民技术 7.87 1.29 0.10 0.13 2.22 0.51 2.32 0.95亿 5.41亿 42.57亿 --  
30 002079 苏州固锝 6.50 1.25 0.08 0.00 0.89 0.47 3.12 0.42亿 7.26亿 47.20亿 68.23  
31 300139 晓程科技 10.42 1.17 0.12 0.00 6.82 0.45 5.05 1.51亿 2.12亿 22.13亿 4981.93  
32 300053 欧比特 9.82 1.03 0.10 -0.10 1.31 0.62 2.67 0.74亿 5.74亿 56.39亿 74.50  
33 300327 中颖电子 22.80 0.93 0.21 0.18 0.60 0.48 1.95 0.31亿 2.29亿 52.28亿 40.65  
34 600360 华微电子 5.65 0.89 0.05 0.00 1.28 0.53 3.04 0.69亿 9.55亿 53.96亿 86.69  
35 002185 华天科技 4.87 0.83 0.04 -0.21 1.26 0.59 3.11 1.31亿 21.30亿 103.75亿 155.76  
36 002222 福晶科技 11.86 0.77 0.09 0.00 1.14 0.68 1.78 0.57亿 4.23亿 50.16亿 34.23  
37 603989 艾华集团 18.95 0.69 0.13 0.11 0.24 0.61 1.86 0.18亿 3.90亿 73.91亿 31.53  
38 300726 宏达电子 18.76 0.64 0.12 0.00 1.59 0.53 2.31 0.32亿 1.08亿 20.34亿 34.03  
39 002384 东山精密 17.88 0.56 0.10 0.06 1.59 0.51 3.09 3.29亿 11.62亿 207.79亿 36.09  
40 600460 士兰微 14.56 0.55 0.08 0.00 4.59 0.69 6.15 8.65亿 13.12亿 191.04亿 205.85  
41 002579 中京电子 9.82 0.51 0.05 0.20 1.24 0.46 2.46 0.43亿 3.49亿 34.22亿 64.56  
42 300623 捷捷微电 19.98 0.45 0.09 0.10 2.44 0.69 2.87 0.52亿 1.06亿 21.09亿 39.08  
43 300458 全志科技 21.69 0.42 0.09 0.19 1.43 0.69 2.55 0.66亿 2.13亿 46.23亿 73.97  
44 300672 国科微 45.82 0.42 0.19 -0.15 0.74 0.43 3.46 0.23亿 0.69亿 31.49亿 --  
45 603920 世运电路 13.16 0.30 0.04 0.08 1.56 0.65 2.06 0.26亿 1.28亿 16.87亿 38.35  
46 603936 博敏电子 16.98 0.24 0.04 0.06 0.89 0.57 3.37 0.25亿 1.67亿 28.42亿 54.17  
47 002484 江海股份 7.06 0.00 0.00 0.28 0.47 0.48 1.84 0.25亿 7.64亿 53.91亿 35.69  
48 002815 崇达技术 15.97 -0.06 -0.01 -0.13 3.47 0.54 3.44 1.22亿 2.20亿 35.06亿 26.91  
49 300408 三环集团 19.81 -0.10 -0.02 -0.10 0.44 0.71 2.67 1.44亿 16.51亿 327.11亿 37.71  
50 002156 通富微电 8.49 -0.12 -0.01 0.00 1.09 0.83 4.24 1.07亿 11.54亿 97.93亿 --  
51 002180 纳思达 26.15 -0.19 -0.05 0.04 0.22 0.57 2.79 0.58亿 9.98亿 260.94亿 76.44  
52 603738 泰晶科技 15.90 -0.38 -0.06 0.76 4.96 0.74 5.64 0.47亿 0.59亿 9.34亿 --  
53 300671 富满电子 19.54 -0.41 -0.08 -0.36 3.49 0.43 4.69 0.24亿 0.35亿 6.93亿 192.08  
54 002916 深南电路 117.85 -0.47 -0.55 0.03 2.60 0.75 3.27 2.52亿 0.82亿 96.84亿 44.61  
55 002938 鹏鼎控股 29.36 -0.64 -0.19 0.03 2.04 0.58 2.30 1.39亿 2.31亿 67.86亿 91.74  
56 603160 汇顶科技 125.93 -0.76 -0.96 0.00 1.70 1.02 4.33 4.95亿 2.32亿 291.65亿 34.71  
57 002288 超华科技 5.20 -0.95 -0.05 0.00 3.67 0.54 8.38 1.54亿 8.00亿 41.62亿 612.01  
58 300476 胜宏科技 12.47 -1.27 -0.16 0.08 0.89 1.07 2.61 0.84亿 7.60亿 94.73亿 24.76  
59 600563 法拉电子 42.75 -1.27 -0.55 -0.05 0.76 0.96 2.70 0.74亿 2.25亿 96.19亿 24.34  
60 300046 台基股份 17.08 -1.27 -0.22 0.47 2.17 0.63 5.32 0.79亿 2.13亿 36.40亿 39.53  
61 002371 北方华创 61.01 -1.28 -0.79 0.02 1.83 0.67 4.00 4.06亿 3.59亿 219.23亿 350.80  
62 300661 圣邦股份 89.85 -1.99 -1.82 0.23 1.12 0.64 3.60 0.43亿 0.43亿 38.22亿 112.64  
63 300493 润欣科技 10.15 -2.03 -0.21 -0.59 2.13 0.64 5.31 0.65亿 3.00亿 30.45亿 110.32  
64 002463 沪电股份 11.39 -2.57 -0.30 0.00 3.04 1.07 6.42 5.82亿 16.74亿 190.63亿 30.24  
65 600667 太极实业 7.10 -2.61 -0.19 0.28 3.23 0.51 5.08 2.75亿 11.91亿 84.58亿 38.95  
66 603068 博通集成 50.05 -2.70 -1.39 0.00 27.33 1.27 4.36 4.68亿 0.35亿 17.36亿 56.03  
67 002436 兴森科技 5.04 -3.08 -0.16 0.00 2.92 0.67 7.12 1.88亿 12.62亿 63.60亿 50.63  
68 600601 方正科技 3.37 -3.16 -0.11 -0.30 1.02 1.09 4.02 0.77亿 21.95亿 73.97亿 --  
69 603933 睿能科技 17.36 -4.09 -0.74 0.00 5.98 1.63 4.92 0.38亿 0.36亿 6.24亿 47.89  
70 603005 晶方科技 17.94 -4.58 -0.86 0.00 2.20 1.39 3.19 0.69亿 1.75亿 31.33亿 313.45  
71 603986 兆易创新 82.98 -4.77 -4.16 0.01 4.02 1.67 6.32 6.79亿 2.07亿 172.10亿 148.96  
72 000670 *ST盈方 3.34 -5.11 -0.18 0.00 13.19 6.28 2.27 2.66亿 6.00亿 20.05亿 --  
73 600584 长电科技 12.24 -5.85 -0.76 0.00 3.40 0.78 6.00 4.18亿 9.85亿 120.51亿 --  
74 000823 超声电子 10.49 -9.88 -1.15 0.00 9.88 0.98 10.14 5.83亿 5.37亿 56.32亿 41.68  
75 600198 大唐电信 14.59 -9.99 -1.62 0.00 3.01 0.39 4.20 3.90亿 8.75亿 127.71亿 --  
