1 601515 东风股份 9.96 7.56 0.70 0.20 1.64 1.35 9.50 2.15亿 13.34亿 132.91亿 15.09  
2 300057 万顺股份 7.49 4.32 0.31 0.54 3.90 1.25 7.52 1.12亿 3.85亿 28.86亿 39.55  
3 002522 浙江众成 7.27 4.01 0.28 0.14 3.44 1.77 8.87 2.13亿 8.54亿 62.10亿 139.50  
4 002787 华源控股 8.05 3.47 0.27 0.37 1.43 0.72 3.86 0.18亿 1.55亿 12.50亿 85.12  
5 000812 陕西金叶 4.47 3.00 0.13 0.00 2.05 0.77 6.91 0.60亿 6.70亿 29.96亿 543.43  
6 002229 鸿博股份 8.76 2.94 0.25 0.00 2.84 0.40 3.17 1.01亿 4.12亿 36.07亿 --  
7 600210 紫江企业 4.25 2.91 0.12 0.00 1.25 0.68 4.84 0.81亿 15.17亿 64.46亿 27.39  
8 603607 京华激光 19.59 2.73 0.52 0.05 3.93 0.76 4.25 0.24亿 0.32亿 6.25亿 24.08  
9 002735 王子新材 25.00 2.67 0.65 0.08 3.48 1.10 5.54 0.38亿 0.43亿 10.79亿 46.00  
10 002117 东港股份 19.03 2.42 0.45 -0.11 0.80 0.60 2.75 0.55亿 3.64亿 69.20亿 24.42  
11 002243 通产丽星 16.37 2.31 0.37 0.06 4.06 0.49 6.75 2.43亿 3.65亿 59.74亿 99.43  
12 600836 界龙实业 4.59 2.23 0.10 0.22 0.84 0.63 3.56 0.26亿 6.63亿 30.42亿 --  
13 002799 环球印务 14.44 2.19 0.31 -0.07 0.68 0.58 3.96 0.08亿 0.77亿 11.10亿 38.52  
14 002191 劲嘉股份 13.41 1.98 0.26 -0.08 2.85 1.08 5.86 4.92亿 12.72亿 170.61亿 18.96  
15 300501 海顺新材 20.20 1.97 0.39 0.70 0.49 0.69 2.32 0.10亿 1.01亿 20.38亿 30.22  
16 002752 N兴股份 6.99 1.90 0.13 0.00 1.04 0.52 3.21 0.12亿 1.70亿 11.91亿 105.16  
17 601968 宝钢包装 5.02 1.83 0.09 0.00 0.44 0.73 3.65 0.18亿 8.33亿 41.83亿 53.27  
18 002831 裕同科技 51.51 1.78 0.90 -0.19 1.66 1.24 4.03 1.02亿 1.19亿 61.50亿 33.40  
19 002701 奥瑞金 5.24 1.75 0.09 0.00 0.70 0.55 1.94 0.85亿 23.53亿 123.32亿 13.04  
20 002599 盛通股份 10.54 1.74 0.18 -0.19 0.59 0.46 3.57 0.13亿 2.02亿 21.32亿 73.07  
21 603058 永吉股份 9.69 1.57 0.15 0.00 0.91 0.67 1.89 0.20亿 2.24亿 21.72亿 41.69  
22 002014 永新股份 7.67 1.32 0.10 -0.26 0.56 0.70 2.64 0.21亿 5.01亿 38.44亿 18.94  
23 002585 双星新材 5.70 1.06 0.06 0.00 1.25 0.40 1.77 0.60亿 8.52亿 48.58亿 37.65  
24 002228 合兴包装 5.27 0.96 0.05 0.00 0.89 0.59 2.68 0.55亿 11.65亿 61.42亿 22.55  
25 002951 金时科技 24.97 0.89 0.22 0.04 10.16 0.43 3.68 1.13亿 0.45亿 11.24亿 62.45  
26 603022 新通联 8.35 0.72 0.06 0.12 0.90 0.63 3.50 0.15亿 2.00亿 16.70亿 75.80  
27 000659 珠海中富 3.41 0.29 0.01 -0.29 0.69 0.47 1.76 0.30亿 12.86亿 43.84亿 --  
28 603499 翔港科技 33.40 -0.51 -0.17 0.27 9.11 0.75 3.90 0.77亿 0.25亿 8.35亿 62.45  
29 002303 美盈森 5.97 -0.67 -0.04 -0.17 1.39 0.46 8.98 1.27亿 15.31亿 91.39亿 27.08  
30 002846 英联股份 14.40 -0.76 -0.11 1.55 22.74 0.90 7.93 1.72亿 0.53亿 7.63亿 31.86  
31 000695 滨海能源 11.26 -1.31 -0.15 0.27 0.56 0.65 4.21 0.14亿 2.22亿 24.97亿 483.54  
32 002803 吉宏股份 24.50 -1.88 -0.47 0.00 4.86 1.17 3.88 0.93亿 0.78亿 19.12亿 16.59  
33 002836 新宏泽 14.55 -2.48 -0.37 -0.41 4.29 0.90 7.64 0.35亿 0.56亿 8.20亿 41.52  
34 002565 顺灏股份 15.11 -7.98 -1.31 0.00 14.69 1.50 10.35 15.32亿 6.85亿 103.47亿 67.82  
