1 300083 劲胜智能 3.48 5.46 0.18 -0.57 2.14 1.00 7.58 0.94亿 12.51亿 43.53亿 146.44  
2 002660 茂硕电源 7.26 5.07 0.35 -0.28 2.26 0.77 8.39 0.33亿 2.05亿 14.92亿 --  
3 002188 *ST巴士 4.41 5.00 0.21 0.00 1.93 0.85 5.00 0.19亿 2.26亿 9.96亿 68.97  
4 300256 星星科技 3.49 4.49 0.15 0.00 2.95 0.88 5.69 0.81亿 7.94亿 27.72亿 --  
5 000020 深华发A 11.76 4.44 0.50 -0.51 1.14 1.35 6.93 0.24亿 1.81亿 21.30亿 3223.80  
6 002635 安洁科技 15.10 4.00 0.58 0.07 3.31 1.04 4.75 1.79亿 3.63亿 54.77亿 14.34  
7 002782 可立克 12.87 3.79 0.47 0.00 0.72 0.88 3.95 0.39亿 4.26亿 54.83亿 116.03  
8 300679 电连技术 41.70 3.35 1.35 0.02 2.65 0.62 6.57 1.10亿 1.00亿 41.64亿 52.51  
9 300433 蓝思科技 8.31 3.23 0.26 0.24 0.65 0.53 4.60 2.10亿 39.10亿 324.96亿 --  
10 002600 领益智造 5.87 3.16 0.18 -0.17 12.46 0.55 7.38 11.71亿 15.97亿 93.72亿 16.64  
11 300686 智动力 16.75 3.08 0.50 -0.12 3.65 0.76 5.91 0.54亿 0.88亿 14.75亿 19.06  
12 002902 铭普光磁 25.67 3.05 0.76 0.00 2.90 0.58 4.98 0.54亿 0.72亿 18.55亿 96.10  
13 603633 徕木股份 12.10 2.89 0.34 -0.33 0.75 0.52 3.40 0.10亿 1.08亿 13.06亿 46.01  
14 002655 共达电声 8.39 2.82 0.23 0.00 1.47 0.59 3.31 0.44亿 3.60亿 30.20亿 579.74  
15 002241 歌尔股份 10.66 2.80 0.29 0.00 1.85 0.54 6.27 5.49亿 27.66亿 294.83亿 42.55  
16 002922 伊戈尔 15.41 2.39 0.36 0.20 1.45 0.71 2.66 0.15亿 0.69亿 10.65亿 262.72  
17 002415 海康威视 32.68 2.03 0.65 0.00 0.40 0.61 3.12 10.63亿 80.75亿 2638.81亿 49.72  
18 002045 国光电器 5.74 1.95 0.11 0.18 2.51 0.29 3.91 0.60亿 4.16亿 23.86亿 142.69  
19 002855 捷荣技术 10.15 1.91 0.19 0.10 1.53 0.33 2.81 0.13亿 0.83亿 8.47亿 76.70  
20 002351 漫步者 5.88 1.73 0.10 -0.17 0.91 0.41 3.11 0.15亿 2.91亿 17.12亿 31.49  
21 603890 春秋电子 14.24 1.71 0.24 0.00 1.51 0.59 2.79 0.21亿 0.97亿 13.78亿 33.14  
22 300227 光韵达 11.08 1.65 0.18 0.00 2.30 0.81 4.13 0.38亿 1.51亿 16.69亿 76.64  
23 002947 恒铭达 37.08 1.59 0.58 0.00 4.63 0.45 2.41 0.52亿 0.30亿 11.26亿 40.37  
24 002402 和而泰 9.80 1.55 0.15 -0.10 1.51 0.65 3.00 1.08亿 7.34亿 71.89亿 34.80  
25 300131 英唐智控 6.03 1.51 0.09 0.00 1.28 0.47 3.20 0.61亿 7.88亿 47.51亿 35.58  
26 002139 拓邦股份 6.32 1.45 0.09 0.00 1.42 0.52 4.01 0.72亿 8.01亿 50.60亿 30.95  
27 002369 卓翼科技 8.23 1.35 0.11 0.00 2.60 0.44 2.59 0.86亿 4.00亿 32.91亿 198.00  
28 603629 利通电子 32.49 1.34 0.43 0.06 5.21 0.60 2.12 0.42亿 0.25亿 8.12亿 42.50  
29 002859 洁美科技 34.10 1.34 0.45 0.00 1.28 0.46 2.67 0.47亿 1.08亿 36.99亿 124.66  
30 300322 硕贝德 14.92 1.15 0.17 0.13 3.60 0.60 3.19 1.97亿 3.67亿 54.83亿 83.20  
31 002025 航天电器 26.27 1.00 0.26 -0.04 0.91 0.99 2.54 1.02亿 4.29亿 112.67亿 36.24  
32 002681 奋达科技 5.08 0.99 0.05 0.00 0.92 0.52 3.58 0.52亿 11.08亿 56.30亿 54.24  
33 300647 超频三 13.68 0.96 0.13 0.15 4.05 0.80 3.69 0.43亿 0.78亿 10.72亿 146.33  
34 002881 美格智能 18.05 0.56 0.10 0.11 3.74 0.51 3.18 0.31亿 0.45亿 8.18亿 131.79  
35 002885 京泉华 21.83 0.55 0.12 0.05 3.82 0.52 3.50 0.38亿 0.45亿 9.85亿 85.44  
36 002925 盈趣科技 46.35 0.46 0.21 0.11 1.00 0.60 2.10 0.77亿 1.67亿 77.18亿 34.50  
37 300735 光弘科技 25.22 0.40 0.10 0.04 3.53 0.49 2.31 0.96亿 1.09亿 27.53亿 27.24  
38 300709 精研科技 44.35 0.14 0.06 0.14 2.22 1.02 8.58 0.55亿 0.57亿 25.09亿 --  
39 300543 朗科智能 18.43 0.05 0.01 0.00 4.18 0.72 3.10 0.33亿 0.43亿 7.85亿 26.84  
40 002055 得润电子 11.80 0.00 0.00 -0.09 1.86 0.88 3.31 0.94亿 4.26亿 50.25亿 64.90  
41 002850 科达利 22.07 -0.04 -0.01 -0.27 1.46 0.32 3.94 0.30亿 0.93亿 20.50亿 51.16  
42 002475 立讯精密 26.09 -0.38 -0.10 -0.19 0.57 0.59 2.75 6.09亿 41.10亿 1072.43亿 43.57  
43 601138 工业富联 15.42 -0.52 -0.08 0.13 4.48 0.67 4.32 7.78亿 11.18亿 172.38亿 26.42  
44 300136 信维通信 26.79 -0.78 -0.21 0.00 2.68 0.56 2.37 5.86亿 8.10亿 217.01亿 27.09  
45 300115 长盈精密 12.38 -1.12 -0.14 0.00 1.68 0.49 3.19 1.89亿 9.06亿 112.11亿 65.11  
46 300279 和晶科技 5.55 -1.42 -0.08 -0.18 3.14 0.51 7.64 0.59亿 3.39亿 18.79亿 54.72  
47 002179 中航光电 41.60 -1.49 -0.63 0.17 0.86 0.78 3.91 2.83亿 7.85亿 326.58亿 35.32  
48 601231 环旭电子 13.24 -1.71 -0.23 -0.08 0.43 0.92 4.31 1.25亿 21.76亿 288.09亿 32.29  
49 002236 大华股份 16.52 -1.84 -0.31 0.06 2.84 1.06 3.62 8.49亿 18.14亿 299.61亿 39.13  
50 300207 欣旺达 13.45 -2.18 -0.30 0.07 0.68 0.77 5.16 1.29亿 13.97亿 187.93亿 38.94  
51 000049 德赛电池 30.28 -2.73 -0.85 0.00 1.98 1.11 2.22 1.23亿 2.05亿 62.15亿 22.88  
52 300602 飞荣达 26.97 -3.37 -0.94 0.00 4.19 1.48 9.24 1.04亿 0.93亿 25.08亿 51.13  
53 002547 春兴精工 11.66 -4.03 -0.49 1.04 31.67 0.73 9.71 23.94亿 6.55亿 76.33亿 1350.55  
54 002888 惠威科技 19.84 -4.20 -0.87 -0.05 11.06 0.76 6.04 0.79亿 0.36亿 7.06亿 167.68  
55 600745 闻泰科技 34.20 -4.34 -1.55 -0.23 1.37 1.21 4.42 2.98亿 6.37亿 217.94亿 126.86  
56 603380 易德龙 15.52 -4.49 -0.73 -0.06 3.63 0.41 4.49 0.27亿 0.48亿 7.43亿 41.32  
57 002861 瀛通通讯 22.67 -5.54 -1.33 -0.04 4.01 0.81 7.67 0.47亿 0.50亿 11.39亿 115.56  
58 002866 传艺科技 12.33 -8.12 -1.09 0.08 7.99 0.55 7.97 0.81亿 0.81亿 9.94亿 29.79  
59 002937 兴瑞科技 18.24 -9.70 -1.96 0.17 28.36 1.17 5.00 3.86亿 0.74亿 13.42亿 34.85  
60 600478 科力远 6.21 -10.00 -0.69 0.00 5.07 0.78 6.38 4.73亿 14.70亿 91.27亿 --  
