1 603776 永安行 24.97 6.89 1.61 0.24 3.51 0.97 9.85 0.75亿 0.86亿 21.51亿 29.71  
2 600877 中国嘉陵 6.72 4.51 0.29 0.15 1.39 0.57 5.60 0.63亿 6.87亿 46.19亿 --  
3 603111 康尼机电 5.31 3.91 0.20 0.00 1.02 0.78 6.65 0.46亿 8.36亿 44.39亿 21.56  
4 600818 中路股份 13.53 3.20 0.42 0.00 0.75 0.76 4.27 0.24亿 2.38亿 32.20亿 660.19  
5 000913 钱江摩托 10.01 2.46 0.24 0.10 0.35 0.53 2.87 0.16亿 4.54亿 45.40亿 80.83  
6 000017 深中华A 4.74 2.15 0.10 0.21 1.27 0.50 4.31 0.18亿 3.03亿 14.36亿 --  
7 603787 新日股份 11.47 2.14 0.24 0.00 2.00 0.45 3.47 0.16亿 0.71亿 8.13亿 35.60  
8 600679 上海凤凰 13.06 2.03 0.26 -0.08 0.93 0.58 4.30 0.28亿 2.31亿 30.12亿 255.52  
9 000008 神州高铁 4.29 1.90 0.08 0.00 0.91 0.60 2.85 1.01亿 25.87亿 110.97亿 254.03  
10 603500 祥和实业 12.60 1.70 0.21 -0.24 3.57 0.81 3.63 0.23亿 0.50亿 6.35亿 25.29  
11 601766 中国中车 8.64 1.65 0.14 -0.12 0.23 0.61 1.53 4.48亿 229.18亿 1980.09亿 34.83  
12 603680 今创集团 17.37 1.64 0.28 0.17 0.53 0.53 1.81 0.17亿 1.84亿 32.04亿 30.99  
13 600495 晋西车轴 5.02 1.41 0.07 0.00 1.12 0.57 2.83 0.68亿 12.08亿 60.65亿 242.67  
14 002105 信隆健康 4.59 0.66 0.03 0.22 0.71 0.46 3.29 0.12亿 3.69亿 16.91亿 --  
15 300351 永贵电器 11.28 0.45 0.05 0.27 2.20 0.59 3.83 0.59亿 2.39亿 27.01亿 44.30  
16 000976 华铁股份 5.46 0.18 0.01 0.00 0.36 0.42 2.38 0.32亿 15.94亿 87.05亿 99.05  
17 603766 隆鑫通用 4.80 -1.24 -0.06 0.00 0.74 0.81 4.32 0.73亿 20.54亿 98.57亿 12.21  
18 603129 春风动力 22.16 -1.69 -0.38 -0.18 1.60 0.66 3.24 0.25亿 0.69亿 15.34亿 34.73  
19 000925 众合科技 7.37 -4.04 -0.31 -0.14 1.66 0.95 6.64 0.57亿 4.57亿 33.70亿 98.96  
20 600099 林海股份 8.18 -8.50 -0.76 0.25 10.67 2.38 16.22 2.06亿 2.19亿 17.92亿 3224.70  
