1 600026 中远海能 6.89 7.83 0.50 0.00 1.03 1.39 7.98 1.92亿 27.36亿 188.51亿 16.22  
2 000582 北部湾港 9.51 7.09 0.63 0.00 4.67 1.16 6.08 1.15亿 2.63亿 25.03亿 17.73  
3 601919 中远海控 5.73 5.92 0.32 0.00 0.39 1.42 8.32 1.69亿 76.36亿 437.52亿 25.55  
4 600798 宁波海运 4.36 3.81 0.16 0.00 1.62 0.82 5.95 0.72亿 10.31亿 44.95亿 38.85  
5 601018 宁波港 5.35 3.68 0.19 -0.19 0.58 0.95 7.56 3.97亿 128.00亿 684.80亿 22.93  
6 600279 重庆港九 5.27 2.93 0.15 0.00 1.86 0.70 3.52 0.68亿 6.93亿 36.52亿 56.06  
7 601866 中远海发 3.16 2.60 0.08 0.00 0.44 0.44 3.90 1.10亿 79.32亿 250.66亿 15.48  
8 603167 渤海轮渡 10.67 2.50 0.26 0.09 0.90 1.10 4.42 0.46亿 4.81亿 51.37亿 7.21  
9 601000 唐山港 2.98 2.41 0.07 0.34 0.61 0.65 2.75 1.00亿 55.74亿 166.10亿 10.28  
10 001872 招商港口 18.12 2.31 0.41 -0.06 0.44 0.71 2.88 0.37亿 4.65亿 84.23亿 9.97  
11 600428 中远海特 3.99 2.31 0.09 0.00 0.68 1.04 4.36 0.58亿 21.47亿 85.65亿 69.30  
12 600190 锦州港 3.57 2.29 0.08 0.00 0.33 0.57 2.87 0.21亿 17.79亿 63.53亿 39.81  
13 000905 厦门港务 8.29 2.22 0.18 0.00 1.28 0.49 2.84 0.56亿 5.31亿 44.02亿 92.71  
14 601326 秦港股份 3.96 2.06 0.08 0.25 0.68 0.78 3.09 0.44亿 16.53亿 65.47亿 46.87  
15 601008 连云港 5.07 1.81 0.09 0.00 3.04 0.56 3.01 1.56亿 10.15亿 51.47亿 440.09  
16 601872 招商轮船 4.86 1.67 0.08 -0.21 0.41 1.29 4.18 0.95亿 47.21亿 229.44亿 26.19  
17 002040 南京港 11.54 1.67 0.19 -0.09 2.43 0.70 3.35 0.85亿 3.07亿 35.40亿 41.83  
18 600018 上港集团 8.07 1.64 0.13 -0.12 0.41 0.82 4.03 7.61亿 231.74亿 1870.12亿 24.32  
19 601228 广州港 4.67 1.52 0.07 -0.21 0.58 0.59 1.96 0.39亿 14.43亿 67.40亿 27.30  
20 600017 日照港 3.43 1.48 0.05 0.00 0.68 0.82 2.37 0.71亿 30.76亿 105.50亿 11.29  
21 600317 营口港 2.79 1.46 0.04 0.00 0.12 0.53 2.55 0.21亿 64.73亿 180.60亿 15.40  
22 601880 大连港 2.22 1.37 0.03 0.00 0.29 0.64 3.20 0.50亿 77.36亿 171.74亿 86.01  
23 601298 青岛港 8.65 1.17 0.10 0.00 4.65 0.50 1.99 1.83亿 4.54亿 39.30亿 14.35  
24 601975 招商南油 3.54 1.14 0.04 -0.28 5.01 0.72 4.29 3.35亿 18.99亿 67.21亿 24.73  
25 000520 长航凤凰 3.39 0.89 0.03 0.00 1.13 0.64 3.57 0.39亿 10.12亿 34.31亿 68.02  
26 000507 珠海港 7.05 0.71 0.05 0.14 1.01 0.58 2.29 0.55亿 7.72亿 54.44亿 171.47  
27 002320 海峡股份 14.97 0.60 0.09 0.07 0.56 0.55 2.42 0.47亿 5.58亿 83.59亿 22.18  
28 600717 天津港 8.23 0.37 0.03 0.12 0.40 0.64 2.07 0.56亿 16.75亿 137.83亿 22.95  
29 000088 盐田港 6.21 0.32 0.02 0.00 0.39 0.48 2.42 0.47亿 19.42亿 120.61亿 65.85  
