1 600368 五洲交通 4.92 10.07 0.45 0.00 4.01 0.98 7.38 2.18亿 11.26亿 55.38亿 2.11  
2 600020 中原高速 5.37 10.04 0.49 0.00 2.93 1.52 8.61 3.48亿 22.47亿 120.68亿 6.53  
3 601107 四川成渝 4.21 4.47 0.18 0.00 0.43 0.93 4.47 0.39亿 21.63亿 91.05亿 7.50  
4 000557 西部创业 4.32 4.35 0.18 0.47 2.26 0.75 6.04 0.57亿 5.85亿 25.28亿 54.79  
5 600269 赣粤高速 4.82 4.33 0.20 0.00 1.85 2.90 5.20 2.07亿 23.35亿 112.57亿 3.80  
6 000885 城发环境 10.13 3.47 0.34 0.20 1.22 0.87 5.31 0.60亿 4.96亿 50.28亿 8.63  
7 600035 楚天高速 3.58 3.17 0.11 0.28 0.54 0.87 3.75 0.29亿 15.27亿 54.66亿 8.24  
8 000900 现代投资 5.07 3.05 0.15 -0.20 1.30 0.48 4.27 0.99亿 15.17亿 76.92亿 6.72  
9 600012 皖通高速 6.57 2.82 0.18 0.15 0.39 0.83 2.97 0.30亿 11.66亿 76.58亿 9.43  
10 600106 重庆路桥 3.81 2.15 0.08 0.26 0.85 0.52 2.95 0.35亿 10.98亿 41.85亿 13.37  
11 600033 福建高速 3.39 1.80 0.06 0.00 0.22 0.47 1.80 0.20亿 27.44亿 93.04亿 11.68  
12 601518 吉林高速 2.99 1.70 0.05 0.67 0.54 0.69 3.74 0.19亿 12.13亿 36.27亿 25.42  
13 601006 大秦铁路 8.52 1.67 0.14 0.00 0.26 0.91 2.15 3.22亿 148.67亿 1266.65亿 7.91  
14 000548 湖南投资 4.83 1.47 0.07 0.63 0.74 0.48 2.52 0.18亿 4.99亿 24.11亿 82.81  
15 000828 东莞控股 9.39 1.40 0.13 0.32 0.25 0.67 2.16 0.24亿 10.40亿 97.61亿 8.86  
16 600805 悦达投资 6.06 1.34 0.08 -0.17 1.80 0.33 4.18 0.93亿 8.50亿 51.53亿 47.32  
17 600350 山东高速 4.92 1.24 0.06 0.00 0.17 0.74 2.26 0.41亿 48.11亿 236.71亿 9.72  
18 601333 广深铁路 3.42 0.89 0.03 0.00 0.29 0.56 1.18 0.55亿 56.52亿 193.31亿 15.52  
19 600377 宁沪高速 10.08 0.80 0.08 0.00 0.09 0.73 1.10 0.34亿 37.98亿 382.84亿 12.27  
20 001965 招商公路 8.36 0.72 0.06 -0.12 1.18 0.98 1.93 0.55亿 5.55亿 46.38亿 12.57  
21 000429 粤高速A 8.77 0.69 0.06 0.34 0.88 0.91 1.61 0.36亿 4.69亿 41.14亿 12.95  
22 600548 深高速 10.14 -0.69 -0.07 0.30 0.31 0.92 1.57 0.45亿 14.33亿 145.33亿 11.83  
23 600125 铁龙物流 8.00 -1.11 -0.09 0.25 1.37 0.83 2.10 1.44亿 13.06亿 104.44亿 21.08  
24 601188 龙江交通 3.27 -5.76 -0.20 -0.61 2.36 2.24 5.76 1.01亿 13.16亿 43.03亿 10.94  
25 000755 山西路桥 5.54 -8.73 -0.53 0.54 9.32 1.14 3.13 2.40亿 4.69亿 26.00亿 74.55  
