1 002408 齐翔腾达 8.93 5.81 0.49 0.22 1.63 0.87 7.11 2.47亿 17.40亿 155.36亿 20.91  
2 603601 再升科技 9.10 4.72 0.41 0.22 0.54 0.94 5.64 0.26亿 5.41亿 49.20亿 25.57  
3 603026 石大胜华 33.19 3.36 1.08 -0.03 3.56 0.72 6.60 2.40亿 2.03亿 67.27亿 12.48  
4 300200 高盟新材 9.59 2.46 0.23 0.21 1.59 1.09 4.70 0.31亿 2.03亿 19.49亿 15.33  
5 002165 红宝丽 4.82 2.12 0.10 0.00 0.64 0.60 2.75 0.16亿 5.27亿 25.42亿 35.07  
6 002080 中材科技 12.20 1.67 0.20 0.08 0.53 0.43 2.92 0.69亿 10.70亿 130.53亿 18.29  
7 603330 上海天洋 20.36 1.39 0.28 -0.05 2.45 0.99 2.69 0.16亿 0.32亿 6.42亿 91.81  
8 600176 中国巨石 10.90 0.93 0.10 0.00 0.76 0.64 2.41 2.91亿 35.02亿 381.75亿 19.13  
9 603192 汇得科技 28.84 0.87 0.25 0.14 3.99 0.57 2.38 0.31亿 0.27亿 7.69亿 29.22  
10 002201 九鼎新材 7.21 0.84 0.06 -0.28 0.95 1.03 3.64 0.23亿 3.32亿 23.91亿 235.26  
11 603041 美思德 15.76 0.38 0.06 -0.06 1.28 0.68 3.44 0.09亿 0.47亿 7.33亿 24.59  
12 600230 沧州大化 18.00 -0.11 -0.02 0.06 3.28 0.67 5.27 2.41亿 4.12亿 74.14亿 114.84  
13 600309 万华化学 45.23 -0.15 -0.07 0.00 1.43 0.61 3.05 9.27亿 14.24亿 643.97亿 12.70  
14 300196 长海股份 9.82 -0.30 -0.03 -0.31 0.68 0.70 1.42 0.18亿 2.61亿 25.66亿 18.93  
