1 600469 风神股份 4.81 10.07 0.44 0.00 0.41 0.46 5.03 0.11亿 5.62亿 27.05亿 7.65  
2 002886 沃特股份 24.06 7.80 1.74 0.13 12.73 1.44 12.28 1.52亿 0.50亿 11.94亿 120.67  
3 000936 华西股份 9.44 6.91 0.61 0.00 3.96 1.42 7.13 3.26亿 8.85亿 83.58亿 5.93  
4 601233 桐昆股份 16.39 6.84 1.05 1.36 1.15 0.97 6.06 3.26亿 17.84亿 292.46亿 14.32  
5 600063 皖维高新 3.31 4.75 0.15 0.00 0.94 1.03 5.06 0.59亿 19.26亿 63.75亿 34.01  
6 000420 吉林化纤 2.48 4.64 0.11 0.41 1.22 1.17 5.49 0.50亿 16.63亿 41.24亿 64.78  
7 601113 华鼎股份 7.73 4.46 0.33 0.00 1.23 1.11 5.95 0.79亿 8.33亿 64.39亿 23.79  
8 002825 纳尔股份 18.59 4.44 0.79 0.00 10.34 2.22 12.92 0.76亿 0.41亿 7.55亿 62.66  
9 600346 恒力股份 17.78 4.28 0.73 -0.11 0.62 1.46 8.15 3.61亿 33.33亿 592.68亿 44.41  
10 603033 三维股份 26.07 4.28 1.07 0.00 1.18 1.54 5.20 0.17亿 0.55亿 14.42亿 31.77  
11 002015 霞客环保 5.68 4.22 0.23 -0.70 0.89 0.65 6.42 0.20亿 4.01亿 22.76亿 --  
12 002493 荣盛石化 13.21 3.93 0.50 -0.08 0.13 1.09 5.11 0.90亿 53.06亿 700.90亿 34.34  
13 601208 东材科技 4.88 3.83 0.18 0.00 0.90 0.49 4.68 0.27亿 6.27亿 30.58亿 313.12  
14 002172 澳洋健康 4.62 3.82 0.17 0.00 1.02 0.46 3.60 0.32亿 6.87亿 31.74亿 --  
15 000589 黔轮胎A 4.17 3.73 0.15 0.00 1.33 0.91 3.48 0.42亿 7.75亿 32.33亿 22.77  
16 300717 华信新材 15.89 3.65 0.56 0.13 3.06 0.77 3.59 0.20亿 0.42亿 6.75亿 29.41  
17 300716 国立科技 10.58 3.42 0.35 0.10 1.93 0.82 4.01 0.18亿 0.87亿 9.23亿 49.33  
18 002395 双象股份 15.93 3.31 0.51 0.25 0.36 0.54 10.77 0.10亿 1.79亿 28.48亿 221.51  
19 300538 同益股份 31.38 3.29 1.00 -0.06 7.61 0.98 6.22 0.57亿 0.24亿 7.51亿 77.28  
20 000677 恒天海龙 3.50 3.25 0.11 0.00 2.33 0.80 7.67 0.70亿 8.64亿 30.24亿 834.30  
21 600810 神马股份 15.28 3.24 0.48 0.00 6.65 1.52 4.93 4.39亿 4.42亿 67.58亿 9.07  
22 601163 三角轮胎 13.77 2.84 0.38 0.15 1.57 1.15 2.91 0.60亿 2.80亿 38.62亿 18.16  
23 300539 横河模具 10.36 2.68 0.27 0.00 3.71 0.81 3.17 0.27亿 0.70亿 7.30亿 157.20  
24 002381 双箭股份 9.38 2.51 0.23 0.00 1.27 0.62 4.04 0.39亿 3.30亿 30.94亿 19.09  
25 002768 国恩股份 27.78 2.51 0.68 0.07 1.39 0.68 3.17 0.68亿 1.77亿 49.09亿 23.70  
26 603650 彤程新材 20.71 2.37 0.48 0.00 3.56 0.51 2.87 0.43亿 0.59亿 12.18亿 29.57  
27 300586 美联新材 15.92 2.31 0.36 0.13 5.00 0.62 3.41 0.49亿 0.61亿 9.75亿 27.01  
28 603332 苏州龙杰 31.20 2.19 0.67 0.03 4.32 0.67 2.69 0.40亿 0.30亿 9.28亿 28.53  
29 603615 茶花股份 9.92 2.16 0.21 0.10 1.86 0.35 2.16 0.14亿 0.75亿 7.43亿 29.48  
30 601058 赛轮轮胎 3.31 2.16 0.07 0.00 1.23 1.02 10.80 0.88亿 21.59亿 71.47亿 12.14  
31 603225 新凤鸣 13.77 2.00 0.27 0.15 1.61 0.65 2.00 0.37亿 1.67亿 22.95亿 15.38  
32 300320 海达股份 5.60 1.82 0.10 0.72 1.05 0.54 2.00 0.27亿 4.55亿 25.50亿 14.68  
33 002064 华峰氨纶 5.24 1.75 0.09 0.19 0.69 0.51 2.91 0.56亿 15.56亿 81.54亿 19.76  
34 000973 佛塑科技 4.69 1.74 0.08 0.21 2.35 0.45 4.34 1.07亿 9.67亿 45.37亿 100.97  
35 300305 裕兴股份 8.31 1.71 0.14 -1.07 0.65 0.91 3.67 0.12亿 2.29亿 19.01亿 30.02  
36 603991 至正股份 20.78 1.66 0.34 0.15 1.66 0.76 4.50 0.14亿 0.41亿 8.54亿 104.29  
37 600527 江南高纤 2.50 1.63 0.04 0.00 1.18 0.70 5.29 0.35亿 12.03亿 30.08亿 100.94  
38 300644 南京聚隆 28.39 1.61 0.45 -0.04 1.40 0.37 2.40 0.13亿 0.34亿 9.52亿 75.04  
39 002324 普利特 11.98 1.52 0.18 0.25 0.96 0.78 3.22 0.27亿 2.36亿 28.27亿 49.26  
40 601500 通用股份 7.35 1.52 0.11 0.00 0.56 0.51 2.76 0.07亿 1.75亿 12.86亿 48.94  
41 300230 永利股份 5.51 1.47 0.08 0.00 1.32 0.65 2.76 0.39亿 5.43亿 29.91亿 20.29  
42 300384 三联虹普 17.25 1.47 0.25 -0.23 2.91 0.79 4.82 0.91亿 1.82亿 31.37亿 27.10  
43 600889 南京化纤 5.52 1.47 0.08 0.18 0.78 0.61 2.76 0.15亿 3.38亿 18.66亿 396.80  
44 002427 *ST尤夫 17.35 1.46 0.25 -0.12 0.29 0.65 1.99 0.19亿 3.85亿 66.74亿 342.33  
45 300218 安利股份 7.18 1.41 0.10 0.99 0.99 0.73 4.52 0.15亿 2.16亿 15.53亿 122.70  
46 000703 恒逸石化 15.51 1.37 0.21 -0.06 0.36 0.52 2.35 1.26亿 22.74亿 352.63亿 26.02  
47 300321 同大股份 15.19 1.20 0.18 0.07 1.01 0.61 2.93 0.13亿 0.83亿 12.57亿 65.72  
48 300587 天铁股份 22.02 1.15 0.25 0.14 1.80 0.35 4.00 0.17亿 0.42亿 9.28亿 698.49  
49 002206 海利得 4.48 1.13 0.05 0.22 0.64 0.66 1.81 0.26亿 9.10亿 40.75亿 15.83  
50 002108 沧州明珠 4.60 1.10 0.05 0.00 0.74 0.42 3.08 0.49亿 14.18亿 65.22亿 56.19  
51 002753 永东股份 9.67 1.04 0.10 0.00 0.52 0.40 2.72 0.10亿 2.00亿 19.38亿 36.42  
52 002442 龙星化工 6.85 1.03 0.07 0.00 1.06 0.61 2.95 0.35亿 4.80亿 32.85亿 518.29  
53 000301 东方盛虹 5.95 1.02 0.06 0.00 0.37 0.51 1.53 0.27亿 12.18亿 72.49亿 18.95  
54 600143 金发科技 5.20 0.97 0.05 -0.19 0.47 0.58 3.11 0.63亿 25.60亿 133.12亿 15.70  
55 002224 三力士 6.28 0.96 0.06 0.00 0.80 0.41 1.61 0.25亿 4.97亿 31.21亿 44.94  
56 002838 道恩股份 18.99 0.90 0.17 0.00 0.84 0.61 1.59 0.12亿 0.75亿 14.19亿 33.03  
57 000859 国风塑业 5.85 0.86 0.05 0.00 5.29 0.39 6.90 2.29亿 7.39亿 43.25亿 242.39  
58 002254 泰和新材 11.38 0.71 0.08 0.18 0.85 0.75 1.59 0.59亿 6.11亿 69.51亿 42.41  
59 002068 黑猫股份 6.05 0.67 0.04 0.00 1.06 0.50 2.00 0.39亿 6.07亿 36.72亿 --  
60 300767 震安科技 40.45 0.62 0.25 -0.35 8.45 0.40 2.91 0.69亿 0.20亿 8.09亿 42.60  
61 000599 青岛双星 4.96 0.61 0.03 0.00 1.19 0.64 2.43 0.45亿 7.68亿 38.08亿 73.37  
62 300121 阳谷华泰 8.92 0.56 0.05 0.11 1.30 0.84 3.38 0.41亿 3.57亿 31.85亿 15.71  
63 603580 艾艾精工 17.76 0.17 0.03 0.00 2.33 0.63 1.97 0.13亿 0.30亿 5.36亿 88.03  
64 300180 华峰超纤 15.02 0.13 0.02 0.13 0.51 0.84 1.87 0.52亿 6.84亿 102.74亿 53.78  
65 601966 玲珑轮胎 17.18 0.06 0.01 -0.06 0.72 0.74 1.75 0.49亿 3.94亿 67.76亿 18.09  
66 000782 美达股份 4.85 0.00 0.00 0.00 0.67 0.50 3.09 0.15亿 4.46亿 21.65亿 62.58  
67 000949 新乡化纤 3.18 0.00 0.00 0.00 0.56 0.99 2.83 0.22亿 12.20亿 38.80亿 53.60  
68 300221 银禧科技 7.36 0.00 0.00 0.14 4.45 1.51 8.56 1.36亿 4.23亿 31.16亿 4.83  
69 002450 ST康得新 -- -- -- -- -- -- -- -- 32.34亿 161.69亿 --  
70 603266 天龙股份 24.37 -0.57 -0.14 0.37 35.62 1.51 6.20 3.08亿 0.35亿 8.53亿 75.82  
71 300478 杭州高新 15.93 -2.98 -0.49 0.00 1.53 0.69 5.48 0.31亿 1.26亿 20.03亿 171.21  
72 600182 S佳通 17.89 -4.13 -0.77 0.00 2.87 1.15 3.86 0.88亿 1.70亿 30.41亿 79.86  
73 300699 光威复材 58.02 -4.24 -2.57 0.02 1.92 1.00 6.14 2.62亿 2.30亿 133.31亿 33.89  
74 002263 *ST东南 1.79 -4.79 -0.09 0.00 0.29 0.19 0.00 0.10亿 18.78亿 33.62亿 210.44  
75 300325 德威新材 5.81 -5.99 -0.37 0.00 9.63 0.85 8.25 5.57亿 9.96亿 57.89亿 --  
