1 002437 誉衡药业 4.58 10.10 0.42 0.00 2.29 1.99 8.17 2.23亿 21.72亿 99.48亿 29.44  
2 002370 亚太药业 18.20 8.98 1.50 0.50 4.27 1.63 7.78 3.06亿 4.08亿 74.26亿 42.98  
3 000919 金陵药业 8.67 7.70 0.62 0.12 2.71 2.65 8.82 1.16亿 5.03亿 43.61亿 5.19  
4 000931 中关村 8.34 6.11 0.48 0.00 1.64 1.02 5.72 0.94亿 7.02亿 58.55亿 112.66  
5 600521 华海药业 14.97 5.87 0.83 -0.07 1.89 1.36 7.57 3.45亿 12.36亿 185.10亿 34.52  
6 000963 华东医药 34.90 5.82 1.92 0.20 1.83 1.91 5.12 9.19亿 14.58亿 508.90亿 14.02  
7 300016 北陆药业 9.39 5.74 0.51 0.11 3.33 0.75 6.08 1.23亿 4.00亿 37.53亿 28.30  
8 002102 ST冠福 2.35 4.91 0.11 0.00 0.43 0.18 0.00 0.22亿 21.50亿 50.52亿 9.82  
9 603520 司太立 33.29 4.88 1.55 0.00 2.01 2.02 7.40 0.79亿 1.20亿 39.95亿 24.46  
10 600079 人福医药 11.75 4.63 0.52 0.00 2.05 1.22 7.57 3.07亿 12.86亿 151.11亿 23.02  
11 603707 健友股份 33.44 3.85 1.24 -0.18 1.38 0.80 6.12 1.30亿 2.85亿 95.17亿 31.05  
12 002675 东诚药业 11.53 3.59 0.40 0.00 0.82 0.63 4.13 0.59亿 6.30亿 72.67亿 35.84  
13 300233 金城医药 18.80 3.58 0.65 0.16 0.22 0.74 3.64 0.14亿 3.55亿 66.75亿 18.84  
14 600624 复旦复华 10.55 3.43 0.35 0.10 5.57 0.49 4.80 4.00亿 6.85亿 72.24亿 123.78  
15 002019 亿帆医药 14.86 2.84 0.41 0.07 1.66 0.45 3.60 2.00亿 8.12亿 120.73亿 30.47  
16 002900 哈三联 13.55 2.81 0.37 -0.29 1.57 0.84 3.11 0.25亿 1.19亿 16.16亿 20.03  
17 300573 兴齐眼药 60.00 2.79 1.63 -0.17 11.00 1.12 13.00 3.52亿 0.53亿 32.09亿 1163.81  
18 600062 华润双鹤 14.26 2.74 0.38 0.21 1.47 1.29 3.46 1.71亿 8.23亿 117.39亿 11.30  
19 002923 润都股份 27.28 2.67 0.71 0.04 5.54 0.58 4.93 0.59亿 0.40亿 10.92亿 28.23  
20 600267 海正药业 11.56 2.57 0.29 -0.09 0.60 0.57 3.90 0.66亿 9.66亿 111.61亿 87.94  
21 300254 仟源医药 8.15 2.52 0.20 0.00 4.02 0.46 5.03 0.53亿 1.62亿 13.19亿 21.37  
22 000756 新华制药 7.75 2.51 0.19 -0.13 0.98 0.54 2.51 0.30亿 3.99亿 30.96亿 15.97  
23 600488 天药股份 4.58 2.46 0.11 0.66 0.57 0.24 3.36 0.25亿 9.69亿 44.37亿 31.72  
24 600513 联环药业 7.56 2.44 0.18 -0.13 1.07 0.50 2.71 0.23亿 2.85亿 21.58亿 32.35  
25 000788 北大医药 7.24 2.26 0.16 0.14 1.07 0.64 3.11 0.46亿 5.96亿 43.15亿 71.31  
26 000623 吉林敖东 18.28 2.24 0.40 0.11 1.01 1.03 2.96 2.06亿 11.19亿 204.50亿 8.24  
27 600380 健康元 8.76 2.22 0.19 -0.11 0.71 1.18 3.85 1.22亿 19.38亿 169.77亿 13.89  
28 000153 丰原药业 6.48 2.21 0.14 -0.15 0.91 0.50 4.26 0.18亿 3.12亿 20.22亿 30.56  
29 000513 丽珠集团 34.14 2.19 0.73 0.00 1.20 1.38 1.95 1.87亿 4.58亿 156.44亿 15.62  
30 603079 圣达生物 28.27 2.13 0.59 0.04 7.62 0.54 6.03 0.78亿 0.37亿 10.32亿 56.09  
31 300110 华仁药业 5.75 2.13 0.12 0.00 4.96 0.78 4.44 3.35亿 11.78亿 67.75亿 346.27  
32 000766 通化金马 9.01 2.04 0.18 -0.11 3.41 0.48 5.89 1.82亿 5.88亿 52.96亿 42.74  
33 603538 美诺华 21.72 2.02 0.43 0.19 3.20 0.93 4.27 0.62亿 0.89亿 19.43亿 19.17  
34 002365 永安药业 11.65 2.01 0.23 0.17 1.23 0.57 1.93 0.34亿 2.42亿 28.21亿 126.45  
35 000739 普洛药业 9.98 1.94 0.19 0.00 0.93 1.25 4.80 1.07亿 11.47亿 114.45亿 26.60  
36 002940 昂利康 36.60 1.89 0.68 0.00 2.42 0.65 2.48 0.20亿 0.23亿 8.23亿 24.50  
37 002898 赛隆药业 14.83 1.85 0.27 0.00 0.88 0.43 2.13 0.08亿 0.60亿 8.87亿 188.48  
38 600420 现代制药 10.03 1.83 0.18 0.10 0.82 0.75 2.03 0.47亿 5.75亿 57.72亿 14.30  
39 300558 贝达药业 40.12 1.78 0.70 0.43 0.77 0.49 2.23 0.52亿 1.69亿 67.96亿 77.79  
40 300705 九典制药 12.80 1.75 0.22 0.08 1.90 0.56 3.66 0.23亿 0.95亿 12.17亿 72.09  
41 603351 威尔药业 54.96 1.72 0.93 0.00 2.59 0.47 2.18 0.24亿 0.17亿 9.16亿 24.00  
42 002020 京新药业 11.99 1.70 0.20 0.00 5.37 3.33 6.45 3.77亿 5.88亿 70.56亿 16.54  
43 300401 花园生物 14.60 1.67 0.24 0.00 2.62 1.08 3.06 1.74亿 4.59亿 67.02亿 13.54  
44 300584 海辰药业 25.14 1.58 0.39 0.36 1.45 0.66 2.42 0.17亿 0.47亿 11.91亿 33.87  
45 000908 景峰医药 5.31 1.53 0.08 0.00 0.67 0.56 2.29 0.25亿 7.07亿 37.53亿 60.84  
46 600812 华北制药 4.75 1.50 0.07 -0.21 0.27 0.42 2.14 0.21亿 16.31亿 77.46亿 62.89  
47 300452 山河药辅 16.48 1.35 0.22 0.06 1.62 0.72 2.71 0.28亿 1.07亿 17.64亿 29.48  
48 600200 江苏吴中 6.50 1.25 0.08 0.15 1.04 0.56 3.43 0.49亿 7.15亿 46.49亿 158.91  
49 300723 一品红 44.50 1.14 0.50 0.34 2.88 1.19 4.43 0.60亿 0.47亿 21.06亿 36.48  
50 300497 富祥股份 20.75 1.12 0.23 0.00 1.84 0.48 3.56 0.47亿 1.23亿 25.55亿 21.80  
51 002435 长江润发 7.26 1.11 0.08 0.00 1.55 0.66 2.37 0.34亿 3.02亿 21.93亿 18.41  
52 600216 浙江医药 10.37 1.07 0.11 0.00 0.99 0.34 2.83 0.98亿 9.56亿 99.13亿 18.82  
53 603676 卫信康 11.47 1.06 0.12 0.26 1.46 0.55 2.03 0.11亿 0.67亿 7.65亿 59.57  
54 603456 九洲药业 7.96 1.01 0.08 0.00 0.27 0.42 1.65 0.17亿 8.01亿 63.76亿 36.93  
55 300765 新诺威 41.21 0.95 0.39 0.02 4.85 0.62 2.94 1.00亿 0.50亿 20.61亿 36.50  
56 002294 信立泰 24.06 0.75 0.18 0.04 0.46 0.59 2.05 1.15亿 10.46亿 251.64亿 19.57  
57 600276 恒瑞医药 65.75 0.66 0.43 0.03 0.44 0.80 2.54 12.79亿 44.04亿 2895.57亿 60.96  
58 600789 鲁抗医药 9.30 0.65 0.06 0.00 2.63 0.55 2.81 1.61亿 6.55亿 60.96亿 32.59  
59 300436 广生堂 27.10 0.63 0.17 -0.11 0.86 0.35 3.08 0.26亿 1.12亿 30.46亿 126.55  
60 300583 赛托生物 34.43 0.61 0.21 0.03 0.91 0.60 1.43 0.11亿 0.34亿 11.72亿 29.01  
61 002393 力生制药 25.76 0.59 0.15 0.04 0.34 0.40 2.03 0.16亿 1.82亿 47.00亿 26.45  
62 002001 新和成 19.01 0.58 0.11 0.00 0.76 0.65 2.80 3.07亿 21.21亿 403.29亿 20.00  
63 300636 同和药业 18.96 0.48 0.09 0.26 1.09 0.68 2.92 0.10亿 0.47亿 8.94亿 86.30  
64 000952 广济药业 10.64 0.47 0.05 0.09 0.82 0.61 1.98 0.22亿 2.52亿 26.78亿 22.01  
65 002422 科伦药业 28.70 0.35 0.10 -0.07 0.45 0.55 2.73 1.33亿 10.32亿 296.31亿 30.77  
66 300363 博腾股份 8.83 0.34 0.03 0.00 1.24 0.79 3.18 0.34亿 3.11亿 27.48亿 72.56  
67 603669 灵康药业 11.96 0.25 0.03 -0.17 0.29 0.60 4.02 0.12亿 3.64亿 43.53亿 30.11  
68 600851 海欣股份 8.12 0.25 0.02 0.25 0.43 0.50 2.10 0.26亿 7.38亿 59.94亿 107.69  
69 002550 千红制药 4.83 0.21 0.01 0.21 0.93 0.69 2.49 0.41亿 9.04亿 43.65亿 17.30  
70 603229 奥翔药业 13.84 0.14 0.02 -0.22 1.23 0.78 2.75 0.09亿 0.54亿 7.47亿 71.14  
71 002332 仙琚制药 7.58 0.13 0.01 -0.13 0.72 0.41 3.30 0.50亿 9.04亿 68.52亿 29.93  
72 000915 山大华特 22.78 0.09 0.02 0.00 1.50 0.87 3.78 0.79亿 2.33亿 53.18亿 55.79  
73 002099 海翔药业 9.13 0.00 0.00 0.00 3.11 0.70 4.38 4.56亿 16.05亿 146.53亿 18.25  
74 002262 恩华药业 11.80 0.00 0.00 0.00 1.00 0.78 2.20 1.04亿 8.84亿 104.33亿 23.92  
75 000566 海南海药 -- -- -- -- -- -- -- -- 12.04亿 97.72亿 37.00  
76 600664 哈药股份 4.77 0.00 0.00 0.00 1.70 0.45 6.92 2.02亿 25.07亿 119.58亿 --  
77 002626 金达威 14.55 -0.21 -0.03 0.00 0.97 0.40 4.59 0.84亿 6.00亿 87.32亿 17.11  
78 000597 东北制药 12.66 -0.32 -0.04 -0.16 0.48 0.68 1.50 0.29亿 4.73亿 59.93亿 33.41  
79 300006 莱美药业 6.63 -0.45 -0.03 0.00 9.12 1.25 10.51 3.80亿 6.71亿 44.51亿 64.68  
80 603222 济民制药 29.65 -0.50 -0.15 0.03 0.90 1.13 3.22 0.86亿 3.20亿 94.88亿 210.63  
81 300158 振东制药 5.16 -0.58 -0.03 -0.77 1.05 0.39 3.66 0.47亿 8.51亿 43.90亿 25.90  
82 300630 普利制药 71.58 -0.67 -0.48 0.00 0.69 0.67 3.91 0.49亿 0.99亿 70.85亿 46.82  
83 300434 金石东方 9.28 -1.07 -0.10 -0.54 1.29 1.11 3.73 0.24亿 2.01亿 18.63亿 18.12  
84 300199 翰宇药业 10.78 -1.64 -0.18 -0.65 2.80 0.54 4.01 1.73亿 5.71亿 61.60亿 48.06  
85 002653 海思科 12.30 -1.91 -0.24 0.08 0.55 0.85 3.27 0.33亿 4.85亿 59.64亿 66.67  
86 002562 兄弟科技 5.24 -2.96 -0.16 0.00 3.08 0.57 5.37 0.83亿 5.15亿 26.97亿 --  
87 002411 延安必康 20.31 -3.06 -0.64 -0.05 2.00 1.35 9.50 6.26亿 14.93亿 303.29亿 50.29  
88 300194 福安药业 7.91 -3.06 -0.25 0.13 15.70 0.83 9.19 7.39亿 6.00亿 47.44亿 31.75  
89 002821 凯莱英 91.21 -3.25 -3.06 0.00 1.37 0.82 3.84 1.54亿 1.22亿 111.59亿 57.15  
90 600227 圣济堂 3.46 -3.35 -0.12 -0.29 1.94 1.20 5.03 0.84亿 12.45亿 43.09亿 --  
91 300702 天宇股份 34.75 -3.37 -1.21 0.00 5.83 1.04 5.95 1.07亿 0.52亿 18.16亿 12.35  
92 300086 康芝药业 7.03 -3.70 -0.27 0.00 3.04 0.94 8.08 0.93亿 4.36亿 30.63亿 29.16  
93 603811 诚意药业 21.00 -4.11 -0.90 0.00 4.77 1.12 8.77 0.81亿 0.80亿 16.86亿 25.96  
94 300725 药石科技 91.18 -4.97 -4.77 0.01 1.91 0.63 6.23 1.24亿 0.70亿 63.76亿 74.82  
95 002399 海普瑞 23.67 -5.43 -1.36 -0.13 0.90 2.28 5.59 2.67亿 12.47亿 295.21亿 14.56  
96 300267 尔康制药 6.28 -8.85 -0.61 0.00 6.52 0.90 8.56 5.59亿 13.57亿 85.24亿 37.91  
97 603168 莎普爱思 8.47 -9.99 -0.94 0.00 5.48 0.92 2.98 1.39亿 2.97亿 25.18亿 35.14  
98 002755 奥赛康 14.95 -9.99 -1.66 0.00 4.32 2.19 7.53 1.13亿 1.72亿 25.76亿 18.45  
99 002773 康弘药业 49.95 -10.00 -5.55 0.00 0.47 1.03 0.88 1.11亿 4.77亿 238.03亿 39.86  
