1 000523 广州浪奇 6.01 10.07 0.55 0.00 1.79 1.34 10.26 0.65亿 6.27亿 37.68亿 86.91  
2 300405 科隆股份 14.18 10.01 1.29 0.00 5.73 1.10 4.50 1.06亿 1.33亿 18.80亿 67.21  
3 600249 两面针 4.84 7.56 0.34 0.42 2.01 1.55 9.78 0.52亿 5.50亿 26.62亿 14.06  
4 000408 藏格控股 10.12 6.41 0.61 0.00 3.60 1.19 7.47 1.60亿 4.47亿 45.20亿 41.02  
5 002810 山东赫达 26.90 6.07 1.54 0.04 8.54 0.92 12.89 1.38亿 0.61亿 16.51亿 28.09  
6 002496 辉丰股份 3.37 5.97 0.19 0.30 5.74 0.99 8.80 1.82亿 9.50亿 32.02亿 112.04  
7 603379 三美股份 48.21 5.45 2.49 -0.02 10.45 1.04 9.27 2.99亿 0.60亿 28.80亿 24.20  
8 002895 川恒股份 15.32 5.22 0.76 0.07 18.04 1.28 10.44 2.36亿 0.89亿 13.64亿 305.41  
9 002549 凯美特气 7.25 5.07 0.35 0.28 3.54 0.66 9.86 1.56亿 6.20亿 44.97亿 65.20  
10 002513 蓝丰生化 6.93 4.84 0.32 0.15 2.79 1.80 9.38 0.58亿 3.14亿 21.79亿 45.99  
11 300163 先锋新材 3.73 4.48 0.16 -0.27 1.10 0.52 5.60 0.11亿 2.82亿 10.52亿 187.67  
12 600319 亚星化学 5.05 4.34 0.21 0.20 2.41 0.69 4.55 0.38亿 3.16亿 15.94亿 31.33  
13 300261 雅本化学 5.98 4.18 0.24 -0.33 0.90 1.10 7.84 0.49亿 9.29亿 55.53亿 29.61  
14 002734 利民股份 14.73 4.10 0.58 0.20 1.28 0.71 4.24 0.38亿 2.04亿 30.03亿 12.65  
15 002809 红墙股份 18.57 4.09 0.73 0.00 2.33 0.65 4.48 0.26亿 0.61亿 11.29亿 33.19  
16 002258 利尔化学 15.48 4.03 0.60 0.00 1.63 0.91 4.23 1.30亿 5.23亿 80.95亿 28.09  
17 603605 珀莱雅 62.85 3.95 2.39 0.05 4.06 1.06 4.04 1.57亿 0.62亿 39.02亿 34.71  
18 603110 东方材料 13.79 3.68 0.49 0.29 3.14 0.52 5.26 0.23亿 0.54亿 7.49亿 41.61  
19 300054 鼎龙股份 9.11 3.40 0.30 0.00 0.88 0.81 6.36 0.55亿 6.87亿 62.62亿 40.96  
20 603879 永悦科技 11.68 3.36 0.38 0.00 2.62 0.91 5.31 0.25亿 0.81亿 9.46亿 72.92  
21 603360 百傲化学 27.15 3.19 0.84 -0.29 3.92 0.67 4.60 0.84亿 0.78亿 21.29亿 39.68  
22 300082 奥克股份 7.55 3.14 0.23 0.27 0.87 1.07 5.74 0.44亿 6.75亿 50.93亿 22.34  
23 000565 渝三峡A 6.00 3.09 0.18 0.00 1.05 0.53 3.95 0.27亿 4.34亿 26.02亿 56.44  
24 600423 柳化股份 3.70 3.06 0.11 -0.27 0.47 0.64 4.74 0.14亿 7.99亿 29.55亿 --  
25 603378 亚士创能 15.97 3.03 0.47 0.06 4.03 0.59 7.16 0.44亿 0.69亿 11.02亿 --  
26 000990 诚志股份 22.59 2.82 0.62 0.00 5.00 0.82 4.78 4.38亿 3.88亿 87.58亿 80.03  
27 600352 浙江龙盛 20.31 2.78 0.55 0.10 5.33 0.84 3.80 35.33亿 32.53亿 660.75亿 13.09  
28 000553 安道麦A 11.12 2.77 0.30 0.00 0.80 0.78 3.97 0.41亿 4.69亿 52.11亿 18.55  
29 002917 金奥博 22.99 2.77 0.62 0.00 3.13 0.78 2.68 0.24亿 0.34亿 7.78亿 87.86  
30 300740 御家汇 14.70 2.73 0.39 0.07 2.86 0.92 2.38 0.61亿 1.48亿 21.74亿 2199.87  
31 603086 先达股份 34.56 2.67 0.90 0.29 2.58 0.70 3.98 0.64亿 0.73亿 25.06亿 23.83  
32 603630 拉芳家化 14.87 2.62 0.38 0.07 2.13 0.84 2.97 0.25亿 0.81亿 11.97亿 17.91  
33 300576 容大感光 15.16 2.57 0.38 0.07 2.73 0.78 3.72 0.16亿 0.40亿 6.05亿 47.61  
34 300398 飞凯材料 16.09 2.55 0.40 0.00 1.13 0.90 2.87 0.65亿 3.58亿 57.61亿 23.32  
35 002683 宏大爆破 13.30 2.54 0.33 0.15 2.13 0.91 3.78 1.69亿 5.98亿 79.52亿 80.33  
36 300665 飞鹿股份 10.55 2.53 0.26 -0.10 2.83 0.70 9.72 0.22亿 0.74亿 7.80亿 --  
37 000912 泸天化 5.76 2.49 0.14 0.00 0.72 0.64 3.56 0.65亿 15.68亿 90.32亿 72.20  
38 002215 诺普信 8.83 2.44 0.21 0.11 7.66 0.49 6.84 4.88亿 7.25亿 64.01亿 14.70  
39 300174 元力股份 28.59 2.40 0.67 0.04 1.35 0.71 5.98 0.85亿 2.26亿 64.69亿 156.79  
40 000545 金浦钛业 3.95 2.33 0.09 0.25 0.95 0.84 2.85 0.36亿 9.59亿 37.90亿 39.05  
41 603227 雪峰科技 4.39 2.33 0.10 0.23 0.60 0.44 2.33 0.17亿 6.59亿 28.92亿 --  
42 600426 华鲁恒升 15.41 2.32 0.35 0.07 0.85 0.59 2.32 2.11亿 16.17亿 249.24亿 9.76  
43 002145 中核钛白 4.43 2.31 0.10 0.00 1.18 0.55 3.23 0.52亿 10.00亿 44.31亿 16.33  
44 300236 上海新阳 35.99 2.30 0.81 0.03 1.75 0.49 5.03 1.19亿 1.90亿 68.45亿 276.20  
45 002246 北化股份 8.55 2.15 0.18 0.12 0.86 0.55 2.63 0.33亿 4.50亿 38.47亿 196.47  
46 603722 阿科力 23.48 2.09 0.48 -0.04 2.15 0.65 5.83 0.21亿 0.41亿 9.56亿 69.18  
47 300429 强力新材 24.68 2.07 0.50 -0.04 2.08 0.82 2.36 0.71亿 1.39亿 34.37亿 50.66  
48 002391 长青股份 14.06 2.03 0.28 0.21 1.30 0.90 2.03 0.43亿 2.38亿 33.42亿 17.73  
49 300409 道氏技术 16.45 1.98 0.32 0.06 2.71 0.43 3.53 1.13亿 2.53亿 41.65亿 --  
50 002136 安纳达 8.38 1.95 0.16 -0.12 0.82 0.43 3.89 0.15亿 2.14亿 17.93亿 58.16  
51 002783 凯龙股份 15.95 1.92 0.30 0.06 12.41 0.87 4.92 5.36亿 2.75亿 43.80亿 111.21  
52 002601 龙蟒佰利 15.67 1.89 0.29 0.06 1.02 0.45 2.28 1.12亿 7.06亿 110.56亿 12.78  
53 603977 国泰集团 7.60 1.88 0.14 -0.13 0.69 0.59 3.35 0.09亿 1.76亿 13.37亿 86.49  
54 002909 集泰股份 10.49 1.84 0.19 -0.10 2.17 0.75 2.72 0.17亿 0.75亿 7.89亿 170.30  
55 300522 世名科技 17.24 1.83 0.31 0.06 1.20 0.48 3.19 0.11亿 0.51亿 8.85亿 35.80  
56 603585 苏利股份 24.00 1.82 0.43 0.00 5.21 1.39 4.24 0.68亿 0.54亿 12.96亿 13.52  
57 603683 晶华新材 14.00 1.82 0.25 -0.07 3.28 0.21 2.55 0.20亿 0.44亿 6.23亿 763.43  
58 300568 星源材质 28.70 1.81 0.51 0.04 0.93 0.49 2.06 0.34亿 1.29亿 36.93亿 18.08  
59 300067 安诺其 6.78 1.80 0.12 -0.29 1.76 0.74 2.70 0.60亿 5.04亿 34.19亿 26.12  
60 300446 乐凯新材 28.69 1.77 0.50 0.14 2.00 0.79 6.42 0.67亿 1.18亿 33.97亿 29.43  
61 300169 天晟新材 5.17 1.77 0.09 -0.19 1.51 0.79 4.13 0.20亿 2.58亿 13.31亿 --  
62 300596 利安隆 35.31 1.76 0.61 0.23 0.74 0.61 5.76 0.32亿 1.22亿 43.25亿 29.89  
63 002455 百川股份 5.87 1.73 0.10 -0.17 0.94 0.37 3.81 0.19亿 3.42亿 20.07亿 32.03  
64 300721 怡达股份 19.99 1.73 0.34 0.20 1.36 0.53 3.61 0.11亿 0.42亿 8.33亿 172.90  
65 300758 七彩化学 36.84 1.71 0.62 -0.05 7.34 0.73 2.79 0.72亿 0.27亿 9.83亿 64.13  
66 603002 宏昌电子 4.16 1.71 0.07 0.24 1.30 0.68 2.93 0.33亿 6.10亿 25.39亿 165.48  
67 300225 金力泰 6.05 1.68 0.10 0.00 2.41 0.35 3.70 0.68亿 4.69亿 28.35亿 148.43  
68 002669 康达新材 13.93 1.68 0.23 0.07 2.67 0.43 4.09 0.87亿 2.35亿 32.72亿 33.54  
69 600486 扬农化工 56.23 1.61 0.89 0.05 1.13 0.90 2.40 1.96亿 3.10亿 174.26亿 13.31  
70 603790 雅运股份 25.28 1.61 0.40 0.00 10.99 1.18 4.02 1.01亿 0.37亿 9.30亿 21.72  
71 002211 宏达新材 5.71 1.60 0.09 0.53 1.90 0.23 3.56 0.47亿 4.32亿 24.69亿 154.66  
72 300610 晨化股份 13.36 1.60 0.21 0.38 1.37 0.28 1.75 0.09亿 0.50亿 6.65亿 34.51  
73 002666 德联集团 5.17 1.57 0.08 0.58 3.69 0.29 4.32 0.84亿 4.43亿 22.89亿 45.37  
74 300530 达志科技 39.31 1.55 0.60 -0.05 0.66 0.44 2.97 0.05亿 0.21亿 8.28亿 79.17  
75 600844 丹化科技 3.93 1.55 0.06 0.26 0.56 0.27 3.62 0.18亿 8.23亿 32.33亿 --  
76 300019 硅宝科技 7.21 1.55 0.11 0.00 0.81 0.59 3.24 0.16亿 2.71亿 19.55亿 41.65  
77 300243 瑞丰高材 9.31 1.53 0.14 0.32 0.85 0.50 3.16 0.13亿 1.68亿 15.67亿 22.85  
78 603938 三孚股份 20.19 1.51 0.30 0.00 2.32 0.41 2.41 0.24亿 0.51亿 10.25亿 27.10  
79 002226 江南化工 6.07 1.50 0.09 0.00 0.80 0.55 2.17 0.46亿 9.58亿 58.17亿 26.78  
80 000902 新洋丰 10.25 1.49 0.15 0.20 0.56 0.80 4.06 0.66亿 11.73亿 120.22亿 9.87  
81 603822 嘉澳环保 25.97 1.41 0.36 -0.08 0.44 0.65 3.32 0.08亿 0.73亿 19.05亿 91.97  
82 600299 安迪苏 12.35 1.40 0.17 0.00 0.31 0.53 2.46 1.02亿 26.82亿 331.21亿 27.98  
83 603970 中农立华 16.72 1.40 0.23 -0.18 1.20 0.51 1.58 0.16亿 0.80亿 13.31亿 23.78  
84 002942 新农股份 27.29 1.37 0.37 0.04 3.48 0.63 2.86 0.28亿 0.30亿 8.19亿 17.21  
85 002037 久联发展 8.25 1.35 0.11 0.00 0.92 0.69 2.46 0.25亿 3.27亿 27.01亿 --  
86 603980 吉华集团 16.38 1.30 0.21 0.00 3.01 0.84 2.54 1.21亿 2.46亿 40.23亿 14.23  
87 600458 时代新材 10.40 1.27 0.13 0.00 1.37 1.00 4.38 1.14亿 8.03亿 83.49亿 64.81  
88 002440 闰土股份 15.28 1.26 0.19 0.00 2.58 0.64 4.44 3.63亿 9.15亿 139.87亿 16.88  
89 600623 华谊集团 8.91 1.25 0.11 0.00 0.87 0.92 2.16 1.43亿 18.62亿 165.92亿 15.13  
90 600078 澄星股份 4.17 1.21 0.05 -0.24 1.97 0.47 4.37 0.54亿 6.63亿 27.63亿 84.28  
91 002109 兴化股份 4.21 1.20 0.05 -0.24 1.61 0.26 2.88 0.37亿 5.45亿 22.94亿 20.79  
92 300727 润禾材料 18.54 1.20 0.22 0.16 3.06 0.84 3.06 0.18亿 0.32亿 5.90亿 42.48  
93 603599 广信股份 16.86 1.20 0.20 -0.18 0.36 0.68 3.06 0.28亿 4.65亿 78.34亿 14.48  
94 600165 新日恒力 5.07 1.20 0.06 0.20 2.49 0.51 4.79 0.86亿 6.85亿 34.72亿 --  
95 002915 中欣氟材 21.37 1.18 0.25 0.00 2.58 0.49 1.99 0.19亿 0.34亿 7.34亿 95.17  
96 002597 金禾实业 19.11 1.17 0.22 0.00 0.86 0.56 2.49 0.91亿 5.54亿 105.88亿 14.78  
97 300535 达威股份 14.11 1.15 0.16 0.14 1.93 0.51 2.72 0.14亿 0.53亿 7.47亿 42.66  
98 300637 扬帆新材 14.46 1.12 0.16 0.21 2.25 0.50 3.01 0.40亿 1.23亿 17.83亿 23.23  
99 603188 亚邦股份 9.23 1.09 0.10 0.11 0.80 0.82 2.63 0.42亿 5.76亿 53.16亿 11.19  
100 002749 国光股份 20.48 1.09 0.22 0.00 0.80 0.69 3.16 0.23亿 1.40亿 28.63亿 23.58  
101 002556 辉隆股份 5.61 1.08 0.06 0.00 0.48 0.49 1.98 0.20亿 7.16亿 40.14亿 25.43  
102 300505 川金诺 22.59 1.03 0.23 -0.04 2.07 0.49 2.37 0.24亿 0.52亿 11.74亿 46.10  
103 000985 大庆华科 14.75 1.03 0.15 -0.20 0.90 0.59 3.22 0.17亿 1.30亿 19.12亿 61.78  
104 002637 赞宇科技 7.93 1.02 0.08 -0.13 1.72 1.44 5.22 0.34亿 2.58亿 20.50亿 19.15  
105 603810 丰山集团 39.29 0.98 0.38 0.03 3.22 0.41 1.39 0.25亿 0.20亿 7.86亿 14.76  
106 600596 新安股份 12.55 0.96 0.12 0.00 2.13 0.69 3.78 1.83亿 6.87亿 86.22亿 18.54  
107 300107 建新股份 11.82 0.94 0.11 0.00 3.71 0.85 4.70 1.45亿 3.33亿 39.41亿 14.94  
108 603916 苏博特 13.02 0.93 0.12 0.00 1.52 0.70 1.94 0.25亿 1.29亿 16.79亿 20.74  
109 600315 上海家化 30.20 0.90 0.27 0.00 0.63 0.84 2.61 1.28亿 6.71亿 202.72亿 21.72  
110 300437 清水源 13.50 0.90 0.12 0.00 1.35 0.58 2.69 0.24亿 1.33亿 17.90亿 22.63  
111 002407 多氟多 13.66 0.89 0.12 0.00 1.58 0.60 3.47 1.18亿 5.44亿 74.25亿 55.69  
112 002476 宝莫股份 5.75 0.88 0.05 0.17 1.34 0.74 2.28 0.45亿 5.86亿 33.71亿 250.61  
113 000792 *ST盐湖 7.07 0.86 0.06 -0.14 2.46 1.11 9.99 4.71亿 27.50亿 194.42亿 --  
114 002643 万润股份 10.95 0.83 0.09 0.18 0.57 0.64 2.21 0.55亿 8.77亿 96.07亿 24.55  
115 300690 双一科技 23.30 0.82 0.19 0.17 3.55 0.73 3.25 0.43亿 0.52亿 12.18亿 18.56  
116 300481 濮阳惠成 14.81 0.82 0.12 -0.14 1.85 0.53 2.31 0.70亿 2.54亿 37.67亿 32.74  
117 300041 回天新材 7.96 0.76 0.06 -0.13 0.86 0.22 1.52 0.20亿 2.89亿 23.02亿 16.53  
118 603078 江化微 26.74 0.75 0.20 0.08 0.93 0.53 4.29 0.12亿 0.48亿 12.80亿 117.25  
119 002004 华邦健康 5.38 0.75 0.04 -0.19 0.44 0.71 2.44 0.43亿 17.94亿 96.53亿 26.62  
120 300214 日科化学 6.82 0.74 0.05 0.00 1.65 0.55 3.25 0.35亿 3.11亿 21.19亿 27.56  
121 300641 正丹股份 5.57 0.72 0.04 0.00 0.84 0.67 3.62 0.10亿 2.23亿 12.44亿 74.74  
122 002497 雅化集团 7.07 0.71 0.05 0.00 1.17 0.52 2.28 0.68亿 8.23亿 58.17亿 54.59  
123 600746 江苏索普 7.34 0.69 0.05 -0.41 0.98 0.51 3.98 0.22亿 3.05亿 22.36亿 713.41  
124 002274 华昌化工 12.39 0.65 0.08 -0.16 9.66 0.58 6.91 7.44亿 6.25亿 77.48亿 31.57  
125 002802 洪汇新材 21.81 0.65 0.14 0.14 0.94 0.65 2.77 0.08亿 0.39亿 8.54亿 37.92  
126 600389 江山股份 20.41 0.64 0.13 0.00 0.54 0.47 2.37 0.33亿 2.97亿 60.62亿 16.68  
127 002539 云图控股 5.01 0.60 0.03 -0.20 1.30 0.32 1.81 0.40亿 6.06亿 30.34亿 32.01  
128 600141 兴发集团 11.36 0.53 0.06 0.27 2.02 0.54 3.98 1.64亿 7.14亿 81.07亿 43.86  
129 002096 南岭民爆 6.45 0.47 0.03 0.00 0.56 0.58 5.76 0.13亿 3.71亿 23.91亿 --  
130 002919 名臣健康 21.88 0.46 0.10 0.14 4.41 0.73 5.14 0.27亿 0.28亿 6.17亿 51.98  
131 002361 神剑股份 4.41 0.46 0.02 0.23 0.86 0.70 3.19 0.24亿 6.17亿 27.21亿 49.21  
132 603639 海利尔 28.35 0.42 0.12 0.18 4.81 0.73 2.06 0.74亿 0.54亿 15.40亿 17.55  
133 300132 青松股份 13.87 0.36 0.05 0.00 0.93 0.61 1.16 0.48亿 3.70亿 51.30亿 16.43  
134 300743 天地数码 40.20 0.30 0.12 -0.10 6.76 0.53 2.97 0.99亿 0.36亿 14.64亿 95.76  
135 300487 蓝晓科技 33.10 0.27 0.09 0.30 2.81 1.09 5.36 1.02亿 1.08亿 35.87亿 30.41  
136 002827 高争民爆 15.09 0.27 0.04 0.00 2.15 0.62 2.52 0.21亿 0.63亿 9.53亿 --  
137 002319 乐通股份 12.85 0.23 0.03 0.08 0.94 0.42 3.28 0.24亿 2.00亿 25.70亿 --  
138 000830 鲁西化工 14.25 0.21 0.03 0.00 3.02 0.65 3.87 6.31亿 14.64亿 208.64亿 14.42  
139 600273 嘉化能源 12.85 0.16 0.02 0.08 2.78 0.80 3.27 5.03亿 14.14亿 181.66亿 13.54  
140 300037 新宙邦 24.10 0.12 0.03 0.00 1.01 0.46 2.53 0.61亿 2.49亿 60.00亿 36.76  
141 002326 永太科技 9.01 0.11 0.01 0.11 1.14 0.71 2.33 0.55亿 5.38亿 48.51亿 16.49  
142 300646 侨源气体 -- -- -- -- -- -- -- -- -- -- --  
143 603968 醋化股份 17.00 0.00 0.00 0.65 0.64 0.38 2.35 0.22亿 2.04亿 34.76亿 16.71  
144 002341 新纶科技 9.25 -0.11 -0.01 0.00 2.41 0.52 2.59 1.39亿 6.25亿 57.84亿 272.17  
145 300387 富邦股份 9.15 -0.11 -0.01 0.11 1.06 0.43 2.84 0.28亿 2.89亿 26.45亿 35.23  
146 600160 巨化股份 8.06 -0.12 -0.01 0.00 0.77 0.53 1.74 1.65亿 26.58亿 214.27亿 14.95  
147 600500 中化国际 7.90 -0.13 -0.01 0.00 0.74 0.83 3.16 1.22亿 20.83亿 164.56亿 17.02  
148 300073 当升科技 24.89 -0.16 -0.04 -0.04 1.26 0.78 2.77 1.33亿 4.25亿 105.72亿 42.40  
149 000731 四川美丰 5.99 -0.17 -0.01 0.17 0.95 0.66 2.17 0.34亿 5.91亿 35.43亿 30.34  
150 002588 史丹利 4.92 -0.20 -0.01 -0.20 0.55 0.43 1.83 0.21亿 7.52亿 37.01亿 35.45  
151 000525 红太阳 14.04 -0.28 -0.04 0.00 0.74 0.87 3.41 0.60亿 5.74亿 80.65亿 16.96  
152 002094 青岛金王 5.97 -0.50 -0.03 0.17 1.41 0.57 2.83 0.53亿 6.28亿 37.50亿 38.10  
153 600731 湖南海利 7.05 -0.56 -0.04 -0.14 2.43 0.54 4.09 0.56亿 3.27亿 23.03亿 20.44  
154 300769 德方纳米 95.74 -0.69 -0.66 -0.12 21.33 0.59 5.18 2.21亿 0.11亿 10.23亿 41.76  
155 603133 碳元科技 16.04 -0.93 -0.15 0.00 3.12 0.61 3.95 0.56亿 1.12亿 17.96亿 --  
156 603010 万盛股份 16.69 -1.01 -0.17 0.06 0.77 0.41 3.92 0.30亿 2.31亿 38.51亿 39.91  
157 002632 道明光学 7.72 -1.03 -0.08 -0.13 1.23 0.99 3.46 0.55亿 5.72亿 44.14亿 24.05  
158 002360 同德化工 6.37 -1.24 -0.08 0.79 3.53 0.44 3.88 0.66亿 2.97亿 18.89亿 80.96  
159 603181 皇马科技 20.64 -1.24 -0.26 0.00 1.07 0.78 4.35 0.22亿 0.99亿 20.43亿 18.73  
160 002250 联化科技 11.05 -1.34 -0.15 0.00 1.43 0.53 4.73 1.41亿 8.90亿 98.40亿 16.81  
161 000953 *ST河化 4.16 -1.42 -0.06 -0.72 1.13 0.67 4.98 0.14亿 2.94亿 12.23亿 --  
162 002741 光华科技 13.80 -1.50 -0.21 0.00 1.68 0.83 2.78 0.52亿 2.22亿 30.65亿 89.60  
163 300537 广信材料 15.06 -1.57 -0.24 0.27 2.95 0.72 5.95 0.41亿 0.93亿 14.03亿 21.43  
164 002709 天赐材料 28.30 -1.67 -0.48 0.36 0.82 0.75 4.17 0.79亿 3.39亿 95.86亿 84.75  
165 600691 阳煤化工 2.90 -1.70 -0.05 0.00 4.31 0.50 4.75 2.19亿 17.56亿 50.94亿 253.17  
166 002748 世龙实业 10.21 -1.83 -0.19 0.20 2.35 0.71 5.87 0.57亿 2.40亿 24.50亿 188.80  
167 300575 中旗股份 63.18 -1.83 -1.18 0.16 4.01 1.20 3.50 0.92亿 0.36亿 22.71亿 15.48  
168 600096 云天化 6.97 -2.38 -0.17 0.29 1.23 0.65 6.72 1.15亿 13.21亿 92.10亿 22.13  
169 603681 永冠新材 26.70 -2.52 -0.69 0.04 20.97 0.45 4.20 2.33亿 0.42亿 11.12亿 42.68  
170 603737 三棵树 66.11 -2.64 -1.79 0.08 1.21 0.59 4.21 0.35亿 0.43亿 28.58亿 --  
171 002812 恩捷股份 53.84 -2.73 -1.51 0.02 0.97 0.82 3.47 0.67亿 1.27亿 68.45亿 30.04  
172 603823 百合花 21.25 -3.10 -0.68 0.05 10.90 1.27 7.25 1.62亿 0.70亿 14.95亿 32.18  
173 300684 中石科技 31.07 -3.18 -1.02 -0.06 4.75 0.84 7.76 0.91亿 0.61亿 19.05亿 98.22  
174 000893 *ST东凌 7.53 -5.04 -0.40 0.00 0.76 0.79 4.92 0.23亿 4.01亿 30.18亿 1145.06  
175 600727 鲁北化工 7.15 -5.55 -0.42 -0.14 6.52 1.11 4.89 1.63亿 3.51亿 25.09亿 16.04  
176 002409 雅克科技 16.61 -5.84 -1.03 0.00 4.08 0.95 6.92 1.26亿 1.83亿 30.42亿 46.54  
177 002545 东方铁塔 7.92 -5.94 -0.50 0.25 3.20 1.41 7.13 1.93亿 7.71亿 61.08亿 110.66  
178 600378 天科股份 14.02 -6.84 -1.03 0.00 5.18 0.67 8.04 1.49亿 2.02亿 28.34亿 31.47  
179 002538 司尔特 5.76 -8.13 -0.51 -0.17 4.97 2.80 8.13 2.01亿 6.98亿 40.23亿 24.02  
180 002170 芭田股份 3.88 -8.27 -0.35 0.00 7.42 1.33 3.31 1.88亿 6.59亿 25.56亿 --  
181 600470 六国化工 4.99 -9.93 -0.55 0.00 2.16 0.25 0.00 0.56亿 5.22亿 26.03亿 --  
182 002470 金正大 5.80 -9.94 -0.64 0.00 1.39 3.51 6.06 2.23亿 27.17亿 157.61亿 17.40  
183 002584 西陇科学 6.40 -9.99 -0.71 0.00 0.87 0.07 0.00 0.21亿 3.81亿 24.39亿 --  
184 002054 德美化工 9.44 -10.01 -1.05 0.00 28.96 1.58 6.01 8.65亿 3.12亿 29.47亿 48.80  
185 600589 广东榕泰 5.09 -10.07 -0.57 0.00 5.21 0.86 4.59 1.79亿 6.62亿 33.67亿 29.87  
