1 000996 中国中期 15.27 4.02 0.59 0.00 4.49 0.47 4.84 2.35亿 3.45亿 52.68亿 --  
2 603377 东方时尚 17.11 3.38 0.56 0.00 0.84 0.93 6.04 0.82亿 5.88亿 100.61亿 86.63  
3 000753 漳州发展 3.60 3.15 0.11 0.00 1.43 0.35 4.30 0.45亿 8.84亿 31.83亿 31.60  
4 600335 国机汽车 7.62 3.11 0.23 0.00 1.12 0.93 3.92 0.88亿 10.30亿 78.47亿 14.35  
5 600653 申华控股 2.48 2.90 0.07 -0.40 0.85 0.49 4.15 0.37亿 17.46亿 43.31亿 105.87  
6 600297 广汇汽车 4.95 2.48 0.12 0.00 0.24 0.97 4.35 0.97亿 81.10亿 401.46亿 12.64  
7 601258 庞大集团 1.49 2.06 0.03 -0.67 1.03 0.64 6.16 1.00亿 65.38亿 97.42亿 --  
8 603528 多伦科技 7.35 1.80 0.13 0.14 1.68 0.73 2.91 0.23亿 1.88亿 13.79亿 27.01  
9 600327 大东方 5.03 1.41 0.07 0.00 0.76 1.01 1.81 0.28亿 7.37亿 37.09亿 7.18  
10 601965 中国汽研 7.83 1.29 0.10 0.00 0.37 0.92 2.07 0.28亿 9.61亿 75.26亿 20.11  
11 000025 特力A 30.06 -0.43 -0.13 0.00 1.02 0.61 2.88 0.83亿 2.71亿 81.43亿 123.99  
