1 601021 春秋航空 42.01 4.37 1.76 -0.05 0.73 1.44 5.04 2.76亿 9.16亿 385.01亿 20.29  
2 600221 海航控股 2.19 4.29 0.09 0.00 0.80 1.74 5.71 2.86亿 164.36亿 359.95亿 8.07  
3 600115 东方航空 6.84 2.86 0.19 -0.44 0.72 1.16 6.92 4.72亿 98.08亿 670.90亿 12.33  
4 600029 南方航空 8.48 2.54 0.21 0.12 0.81 1.17 4.23 4.78亿 70.23亿 595.52亿 9.82  
5 601111 中国国航 10.15 1.70 0.17 -0.20 0.67 1.16 5.01 6.28亿 94.49亿 959.04亿 13.54  
6 000099 中信海直 7.43 1.36 0.10 0.00 0.45 0.39 1.77 0.20亿 6.06亿 45.03亿 52.05  
7 600897 厦门空港 24.83 1.35 0.33 0.00 0.82 1.01 2.69 0.60亿 2.98亿 73.95亿 15.58  
8 600004 白云机场 15.24 1.33 0.20 0.00 1.39 1.73 7.18 4.28亿 20.69亿 315.36亿 35.26  
9 603885 吉祥航空 13.41 0.83 0.11 0.08 0.53 0.80 2.10 1.27亿 17.97亿 240.98亿 15.05  
10 600009 上海机场 70.63 0.18 0.13 -0.10 0.62 0.67 2.11 4.78亿 10.93亿 772.32亿 24.46  
11 002928 华夏航空 13.28 -0.15 -0.02 0.15 1.79 0.80 2.10 0.48亿 2.04亿 27.12亿 23.31  
12 000089 深圳机场 8.95 -0.22 -0.02 0.11 0.56 0.85 1.34 1.04亿 20.51亿 183.54亿 26.53  
   