1 600618 氯碱化工 9.26 9.98 0.84 0.00 1.84 1.51 9.14 1.24亿 7.50亿 69.44亿 11.84  
2 603906 龙蟠科技 13.70 5.06 0.66 0.66 22.50 1.04 11.20 2.80亿 0.93亿 12.79亿 24.13  
3 603299 苏盐井神 6.28 4.67 0.28 0.16 1.24 1.62 4.50 0.43亿 5.59亿 35.13亿 8.28  
4 002002 鸿达兴业 5.62 4.27 0.23 0.36 3.06 0.60 4.45 4.34亿 25.50亿 143.29亿 19.14  
5 300135 宝利国际 3.15 3.28 0.10 0.32 1.03 0.47 3.28 0.30亿 9.22亿 29.03亿 221.03  
6 000637 茂化实华 5.69 3.08 0.17 -0.18 7.40 0.44 7.25 1.53亿 3.66亿 20.85亿 22.57  
7 002125 湘潭电化 5.95 2.94 0.17 0.34 1.84 0.52 4.15 0.60亿 5.53亿 32.90亿 45.59  
8 600929 湖南盐业 8.23 2.75 0.22 0.00 1.88 0.75 3.12 0.52亿 3.37亿 27.76亿 45.33  
9 000554 泰山石油 6.52 2.52 0.16 0.31 1.72 0.41 2.67 0.41亿 3.63亿 23.64亿 2496.75  
10 600091 ST明科 4.08 2.51 0.10 -0.24 0.55 0.60 4.02 0.10亿 4.37亿 17.85亿 546.20  
11 002648 卫星石化 18.05 2.50 0.44 0.28 2.09 0.62 3.75 3.87亿 10.36亿 187.01亿 21.90  
12 002386 天原集团 6.93 2.21 0.15 0.29 1.30 0.38 2.65 0.60亿 6.72亿 46.54亿 29.04  
13 000510 金路集团 5.13 2.19 0.11 -0.20 1.47 0.37 3.19 0.41亿 5.49亿 28.19亿 29.78  
14 002053 云南能投 8.60 2.14 0.18 -0.12 0.44 0.55 4.39 0.14亿 3.72亿 31.97亿 11.93  
15 000059 华锦股份 7.18 2.13 0.15 -0.14 1.01 0.40 3.27 1.15亿 15.99亿 114.84亿 8.32  
16 002805 丰元股份 23.42 1.92 0.44 0.47 2.30 0.54 4.31 0.28亿 0.54亿 12.56亿 75.30  
17 601216 君正集团 3.63 1.68 0.06 0.00 0.39 0.64 3.08 1.18亿 84.38亿 306.30亿 10.59  
18 600722 金牛化工 6.18 1.65 0.10 -0.16 1.20 0.50 2.30 0.50亿 6.80亿 42.04亿 216.23  
19 603077 和邦生物 1.90 1.60 0.03 -0.52 0.48 0.68 2.67 0.81亿 88.31亿 167.79亿 37.09  
20 600409 三友化工 6.60 1.54 0.10 -0.15 1.04 0.49 1.85 1.39亿 20.37亿 134.46亿 17.73  
21 000822 山东海化 5.76 1.41 0.08 0.17 0.95 0.46 2.11 0.49亿 8.95亿 51.56亿 14.18  
22 002092 中泰化学 8.90 1.37 0.12 -0.11 0.99 0.47 3.42 1.81亿 20.34亿 181.07亿 25.43  
23 600714 金瑞矿业 6.70 1.06 0.07 0.00 0.49 0.47 3.32 0.09亿 2.88亿 19.31亿 --  
24 600277 亿利洁能 9.00 0.90 0.08 0.00 1.61 0.83 3.25 3.85亿 26.74亿 240.66亿 23.72  
25 000819 岳阳兴长 10.43 0.87 0.09 0.10 1.11 0.45 2.71 0.32亿 2.71亿 28.30亿 104.77  
26 600367 红星发展 8.14 0.87 0.07 0.25 0.81 0.57 1.61 0.19亿 2.91亿 23.70亿 37.57  
27 603798 康普顿 10.96 0.83 0.09 0.00 0.58 0.45 4.51 0.13亿 2.00亿 21.92亿 11.09  
28 600256 广汇能源 4.05 0.75 0.03 -0.25 0.61 0.38 1.99 1.67亿 67.37亿 272.85亿 15.40  
29 000683 远兴能源 3.03 0.67 0.02 0.00 2.32 0.36 3.99 1.99亿 28.55亿 86.51亿 12.18  
30 603928 兴业股份 13.99 0.65 0.09 -0.29 1.46 0.47 2.52 0.13亿 0.63亿 8.78亿 20.25  
31 601678 滨化股份 6.92 0.58 0.04 0.15 2.06 0.51 5.23 2.19亿 15.44亿 106.87亿 19.15  
32 600328 兰太实业 8.74 0.57 0.05 0.12 1.56 0.83 2.19 0.60亿 4.38亿 38.28亿 10.78  
33 300655 晶瑞股份 15.16 0.40 0.06 0.27 1.20 0.58 1.92 0.15亿 0.84亿 12.75亿 99.16  
34 600028 中国石化 5.68 0.35 0.02 0.00 0.10 0.62 1.41 5.15亿 955.58亿 5427.68亿 11.64  
35 000635 英力特 9.71 0.21 0.02 0.10 0.75 0.51 3.61 0.22亿 3.03亿 29.43亿 58.95  
36 600688 上海石化 5.13 0.00 0.00 -0.39 0.14 0.59 1.56 0.51亿 73.29亿 375.97亿 22.73  
37 603067 振华股份 8.98 -0.66 -0.06 0.11 1.67 0.66 2.32 0.23亿 1.56亿 13.97亿 27.35  
38 000159 国际实业 10.08 -1.27 -0.13 0.00 13.92 0.66 9.50 6.79亿 4.81亿 48.45亿 51.01  
39 000818 航锦科技 11.48 -1.38 -0.16 -0.43 1.83 0.65 6.62 1.41亿 6.70亿 76.96亿 17.97  
40 002221 东华能源 10.46 -2.15 -0.23 0.10 1.64 0.95 5.14 2.63亿 15.18亿 158.74亿 12.31  
41 000096 广聚能源 11.69 -2.26 -0.27 0.34 0.66 2.41 4.77 0.39亿 5.11亿 59.72亿 149.48  
42 000737 ST南风 3.50 -2.78 -0.10 1.16 1.89 1.10 5.56 0.36亿 5.49亿 19.21亿 109.01  
43 600075 新疆天业 5.93 -3.10 -0.19 -0.34 3.15 0.98 4.58 1.56亿 8.32亿 49.36亿 55.71  
44 002778 高科石化 19.60 -3.16 -0.64 -0.20 2.28 0.77 4.55 0.29亿 0.64亿 12.53亿 91.62  
45 600387 海越能源 8.51 -3.73 -0.33 0.12 3.59 0.65 5.43 1.16亿 3.86亿 32.82亿 68.00  
46 000422 ST宜化 3.87 -4.68 -0.19 0.00 3.06 2.01 4.43 1.07亿 8.98亿 34.75亿 30.78  
47 600228 昌九生化 8.18 -4.77 -0.41 0.00 1.53 1.59 2.33 0.30亿 2.41亿 19.74亿 --  
48 000707 ST双环 3.43 -4.99 -0.18 -0.29 4.00 2.64 3.05 0.64亿 4.64亿 15.92亿 47.04  
49 000698 沈阳化工 4.29 -6.33 -0.29 0.00 4.75 1.30 5.02 1.59亿 7.86亿 33.71亿 27.30  
