1 601116 三江购物 15.38 7.78 1.11 0.00 5.83 2.57 7.22 3.59亿 4.11亿 63.17亿 39.13  
2 600859 王府井 18.35 5.95 1.03 -0.05 2.20 1.72 8.14 1.57亿 3.94亿 72.32亿 8.83  
3 000759 中百集团 8.07 5.35 0.41 0.00 1.47 2.71 6.00 0.79亿 6.81亿 54.92亿 51.60  
4 600682 南京新百 15.49 5.02 0.74 0.07 4.16 1.37 10.10 6.45亿 10.02亿 155.22亿 15.34  
5 600778 友好集团 6.37 4.94 0.30 0.00 2.05 0.86 5.93 0.40亿 3.11亿 19.82亿 12.20  
6 600122 宏图高科 4.15 4.80 0.19 -0.24 2.51 0.80 8.59 1.18亿 11.58亿 48.07亿 --  
7 000715 中兴商业 10.79 4.66 0.48 0.19 2.65 0.90 6.40 0.78亿 2.79亿 30.06亿 37.16  
8 002697 红旗连锁 6.08 4.65 0.27 0.17 2.27 1.79 5.85 1.34亿 9.86亿 59.97亿 26.11  
9 600306 商业城 7.15 4.23 0.29 0.56 1.13 0.72 5.54 0.14亿 1.77亿 12.68亿 --  
10 600694 大商股份 29.44 4.18 1.18 0.07 1.16 1.52 4.32 0.99亿 2.94亿 86.47亿 5.58  
11 600655 豫园股份 9.60 3.34 0.31 -0.21 0.65 1.18 4.20 0.90亿 14.37亿 137.98亿 23.17  
12 000058 深赛格 5.90 3.15 0.18 0.00 1.01 0.64 4.20 0.32亿 5.38亿 31.74亿 30.33  
13 600712 南宁百货 5.63 3.11 0.17 0.54 1.78 1.09 8.79 0.52亿 5.38亿 30.29亿 5840.10  
14 000861 海印股份 2.67 3.09 0.08 0.38 0.81 1.15 5.79 0.42亿 19.76亿 52.75亿 63.97  
15 000501 鄂武商A 11.69 3.09 0.35 0.09 1.13 1.61 3.88 1.00亿 7.69亿 89.84亿 7.62  
16 601010 文峰股份 3.55 2.90 0.10 0.00 0.36 0.47 2.90 0.23亿 18.48亿 65.60亿 17.61  
17 600838 上海九百 7.16 2.87 0.20 0.00 1.10 0.81 3.02 0.31亿 4.01亿 28.70亿 30.46  
18 603031 安德利 12.51 2.79 0.34 -0.40 2.34 0.97 3.21 0.16亿 0.56亿 6.99亿 59.42  
19 601828 美凯龙 12.40 2.56 0.31 0.08 1.96 1.15 3.14 0.96亿 3.96亿 49.08亿 8.38  
20 002419 天虹股份 14.27 2.51 0.35 0.00 0.42 0.74 3.02 0.72亿 12.00亿 171.22亿 13.65  
21 002251 步步高 8.78 2.45 0.21 0.34 0.88 1.00 3.62 0.65亿 8.47亿 74.36亿 10.21  
22 600415 小商品城 4.30 2.38 0.10 -0.23 0.27 0.74 3.57 0.64亿 54.43亿 234.06亿 28.86  
23 603708 家家悦 26.90 2.17 0.57 0.00 1.63 1.26 5.20 0.69亿 1.57亿 42.23亿 22.32  
24 600280 中央商场 4.31 2.13 0.09 0.00 0.76 0.59 4.50 0.37亿 11.38亿 49.06亿 265.31  
25 601086 国芳集团 5.92 2.07 0.12 0.00 2.63 0.57 4.48 0.26亿 1.66亿 9.83亿 22.77  
26 600814 杭州解百 5.75 1.95 0.11 -0.69 0.43 0.89 3.01 0.17亿 7.15亿 41.11亿 15.18  
27 600729 重庆百货 34.90 1.90 0.65 0.12 1.34 0.89 3.15 1.89亿 4.06亿 141.84亿 7.50  
28 600821 津劝业 4.34 1.88 0.08 -0.23 0.72 0.41 2.82 0.13亿 4.16亿 18.07亿 --  
29 000785 武汉中商 9.92 1.85 0.18 0.10 1.26 0.70 4.21 0.31亿 2.51亿 24.91亿 13.44  
30 600858 银座股份 5.64 1.80 0.10 0.18 0.64 0.81 3.79 0.19亿 5.18亿 29.19亿 10.55  
31 600824 益民集团 3.95 1.80 0.07 0.25 0.33 0.72 2.58 0.14亿 10.54亿 41.63亿 16.40  
32 000061 农产品 5.71 1.78 0.10 -0.18 0.42 0.71 3.39 0.40亿 16.95亿 96.81亿 47.57  
33 600361 华联综超 4.57 1.78 0.08 0.22 0.80 0.63 2.90 0.24亿 6.66亿 30.43亿 15.74  
34 000882 华联股份 2.88 1.77 0.05 0.00 0.51 0.50 3.18 0.36亿 24.82亿 71.49亿 143.81  
35 600790 轻纺城 4.13 1.72 0.07 0.00 0.76 0.84 1.97 0.46亿 14.66亿 60.54亿 17.44  
36 300755 华致酒行 38.08 1.68 0.63 0.03 8.14 1.18 5.13 1.78亿 0.58亿 22.04亿 24.86  
37 601366 利群股份 6.71 1.67 0.11 0.15 0.74 0.54 1.97 0.23亿 4.75亿 31.87亿 14.89  
38 600723 首商股份 6.95 1.61 0.11 0.00 0.40 0.81 1.75 0.18亿 6.58亿 45.74亿 11.24  
39 002187 广百股份 8.87 1.60 0.14 0.00 0.42 0.58 1.83 0.13亿 3.42亿 30.37亿 13.88  
40 600827 百联股份 10.23 1.59 0.16 0.10 0.43 1.17 3.28 0.68亿 15.43亿 157.83亿 13.88  
41 600857 宁波中百 9.29 1.53 0.14 0.00 0.27 0.42 2.95 0.06亿 2.24亿 20.84亿 43.22  
42 600865 百大集团 6.91 1.47 0.10 -0.15 0.55 0.72 1.61 0.14亿 3.76亿 26.00亿 11.45  
43 600113 浙江东日 7.94 1.41 0.11 0.13 1.06 0.51 2.55 0.35亿 4.11亿 32.67亿 29.63  
44 600628 新世界 7.22 1.41 0.10 0.00 0.30 0.54 1.69 0.11亿 5.32亿 38.40亿 14.53  
45 000417 合肥百货 5.47 1.30 0.07 0.18 0.52 0.60 2.96 0.22亿 7.79亿 42.61亿 8.89  
46 600774 汉商集团 12.71 1.27 0.16 -0.16 0.34 0.77 3.43 0.10亿 2.27亿 28.82亿 87.06  
47 600697 欧亚集团 19.87 1.22 0.24 0.15 0.55 0.55 1.73 0.17亿 1.55亿 30.83亿 15.71  
48 002561 徐家汇 9.12 1.22 0.11 0.00 0.36 0.71 2.11 0.13亿 3.97亿 36.22亿 14.00  
49 603900 莱绅通灵 13.58 1.19 0.16 -0.07 1.29 0.52 2.31 0.15亿 0.85亿 11.56亿 13.04  
50 002264 新华都 5.98 1.18 0.07 0.00 0.96 0.65 4.57 0.39亿 6.79亿 40.63亿 37.06  
51 000516 国际医学 5.74 1.06 0.06 0.00 1.26 0.40 2.46 1.40亿 19.29亿 110.72亿 99.37  
52 000419 通程控股 4.98 1.01 0.05 0.00 0.52 0.66 2.43 0.14亿 5.43亿 27.06亿 15.95  
53 002344 海宁皮城 5.12 0.99 0.05 0.00 0.86 0.86 2.76 0.56亿 12.75亿 65.30亿 16.67  
54 600861 北京城乡 8.28 0.61 0.05 0.00 0.49 0.33 3.77 0.13亿 3.17亿 26.23亿 51.16  
55 002277 友阿股份 3.80 0.53 0.02 0.00 1.12 0.86 2.91 0.59亿 13.94亿 52.98亿 7.99  
56 603123 翠微股份 6.32 0.48 0.03 0.16 0.37 0.79 1.59 0.12亿 5.24亿 33.13亿 18.54  
57 000679 大连友谊 4.50 0.45 0.02 0.00 0.57 0.57 2.68 0.09亿 3.56亿 16.04亿 --  
58 601933 永辉超市 9.77 0.41 0.04 -0.10 0.67 0.85 3.39 5.25亿 79.68亿 778.50亿 20.80  
59 000829 天音控股 6.10 0.33 0.02 0.16 0.90 0.62 3.78 0.52亿 9.30亿 56.71亿 137.40  
60 600693 东百集团 5.60 0.18 0.01 0.18 0.28 0.63 1.43 0.14亿 8.97亿 50.25亿 40.16  
61 002640 跨境通 11.09 0.09 0.01 0.00 1.69 0.60 3.61 1.96亿 10.44亿 115.76亿 19.39  
62 002336 *ST人乐 6.95 0.00 0.00 0.14 0.48 0.43 2.45 0.11亿 3.39亿 23.58亿 20.96  
63 600828 茂业商业 5.64 0.00 0.00 0.18 0.64 0.85 2.84 0.23亿 6.49亿 36.61亿 7.24  
64 600785 新华百货 16.81 -0.12 -0.02 0.00 0.22 0.44 2.26 0.08亿 2.26亿 37.93亿 8.40  
65 002818 富森美 25.08 -0.79 -0.20 0.00 2.25 0.92 1.90 0.49亿 0.87亿 21.88亿 15.05  
66 002127 南极电商 11.96 -1.16 -0.14 -0.50 1.19 1.38 5.95 2.69亿 18.72亿 223.84亿 60.14  
67 002416 爱施德 5.87 -1.51 -0.09 -0.17 0.73 0.87 5.03 0.51亿 11.73亿 68.87亿 19.31  
68 603214 爱婴室 37.84 -1.71 -0.66 0.37 2.39 0.79 4.55 0.50亿 0.55亿 20.89亿 53.26  
69 603101 汇嘉时代 11.21 -2.27 -0.26 0.00 3.68 1.35 3.31 0.30亿 0.72亿 8.07亿 76.88  
70 000564 供销大集 3.44 -2.27 -0.08 -0.29 2.01 0.91 3.98 1.33亿 18.89亿 64.97亿 --  
71 300022 吉峰科技 5.57 -2.96 -0.17 1.27 9.53 0.68 13.59 1.81亿 3.43亿 19.09亿 --  
72 002024 苏宁易购 12.62 -3.00 -0.39 0.00 1.58 2.28 4.30 11.56亿 58.36亿 736.53亿 216.16  
73 600738 兰州民百 8.60 -3.04 -0.27 0.00 2.99 0.68 4.85 1.10亿 4.21亿 36.23亿 20.37  
74 300622 博士眼镜 22.10 -4.45 -1.03 -0.09 7.98 0.80 4.84 0.69亿 0.38亿 8.48亿 39.88  
