1 600758 红阳能源 7.10 10.08 0.65 0.00 17.57 0.98 20.00 8.92亿 7.86亿 55.78亿 24.78  
2 600985 淮北矿业 12.96 6.49 0.79 0.08 2.29 2.11 7.23 0.76亿 2.63亿 34.07亿 7.74  
3 600546 山煤国际 5.13 5.56 0.27 0.00 1.52 1.22 7.20 1.55亿 19.82亿 101.70亿 11.53  
4 601666 平煤股份 4.44 3.26 0.14 0.00 1.51 0.62 4.42 1.57亿 23.61亿 104.84亿 8.10  
5 000983 西山煤电 6.88 3.15 0.21 0.15 1.05 0.51 3.45 2.25亿 31.51亿 216.80亿 9.12  
6 000780 平庄能源 4.02 2.81 0.11 0.25 1.09 0.50 5.37 0.44亿 10.14亿 40.78亿 --  
7 002128 露天煤业 9.42 2.73 0.25 0.43 0.83 0.65 2.73 1.27亿 16.34亿 153.96亿 4.82  
8 601015 陕西黑猫 5.78 2.12 0.12 0.00 0.65 0.29 2.83 0.42亿 11.22亿 64.86亿 66.85  
9 601699 潞安环能 8.25 2.10 0.17 0.12 0.87 0.50 2.10 2.12亿 29.91亿 246.79亿 7.09  
10 600157 永泰能源 2.07 1.97 0.04 0.00 1.29 0.39 3.45 3.32亿 124.26亿 257.21亿 198.75  
11 601011 宝泰隆 6.59 1.85 0.12 0.00 1.99 0.40 3.25 2.09亿 15.99亿 105.39亿 34.25  
12 601001 大同煤业 5.02 1.83 0.09 0.00 1.37 0.43 2.43 1.15亿 16.74亿 84.02亿 8.90  
13 601225 陕西煤业 9.02 1.81 0.16 0.00 0.34 0.97 2.15 3.02亿 100.00亿 902.00亿 8.13  
14 601918 新集能源 3.44 1.77 0.06 0.29 0.70 0.38 2.96 0.62亿 25.91亿 89.11亿 5.47  
15 600997 开滦股份 6.57 1.70 0.11 0.15 0.70 0.50 2.17 0.56亿 12.35亿 81.12亿 7.08  
16 600188 兖州煤业 11.45 1.51 0.17 0.09 0.53 0.80 2.84 1.78亿 29.60亿 338.91亿 6.09  
17 600121 郑州煤电 3.57 1.42 0.05 0.28 0.84 0.55 3.98 0.30亿 10.15亿 36.25亿 140.06  
18 600740 山西焦化 9.50 1.39 0.13 0.11 2.04 0.45 2.24 1.27亿 6.57亿 62.40亿 7.62  
19 600395 盘江股份 5.92 1.02 0.06 0.00 0.39 0.45 1.71 0.39亿 16.55亿 97.98亿 8.29  
20 000552 靖远煤电 3.03 1.00 0.03 0.00 1.13 0.65 2.67 0.53亿 15.57亿 47.19亿 11.51  
21 600792 云煤能源 4.05 1.00 0.04 0.25 1.41 0.49 3.99 0.56亿 9.90亿 40.09亿 51.38  
22 600508 上海能源 10.45 0.97 0.10 0.00 0.36 0.51 1.74 0.27亿 7.23亿 75.52亿 7.77  
23 600403 大有能源 4.26 0.95 0.04 0.24 0.09 0.43 2.61 0.10亿 23.91亿 101.85亿 16.55  
24 601088 中国神华 19.69 0.87 0.17 0.00 0.08 0.95 2.05 2.70亿 164.91亿 3247.09亿 7.78  
25 600348 阳泉煤业 6.26 0.81 0.05 0.00 0.82 0.51 2.25 1.24亿 24.05亿 150.55亿 7.11  
26 601898 中煤能源 5.10 0.79 0.04 0.20 0.17 0.58 1.98 0.77亿 91.52亿 466.75亿 10.97  
27 600123 兰花科创 7.80 0.78 0.06 0.13 1.03 0.66 2.07 0.92亿 11.42亿 89.11亿 10.61  
28 600397 安源煤业 2.91 0.69 0.02 0.35 1.69 0.49 4.15 0.49亿 9.90亿 28.81亿 37.88  
29 603113 金能科技 13.26 0.53 0.07 -0.08 3.18 0.39 2.96 1.41亿 3.32亿 44.01亿 15.40  
30 000937 冀中能源 4.28 0.47 0.02 0.00 0.60 0.51 2.35 0.75亿 29.07亿 124.40亿 16.14  
31 601101 昊华能源 6.93 0.43 0.03 0.00 0.56 0.44 2.75 0.47亿 12.00亿 83.16亿 9.51  
32 600971 恒源煤电 7.90 0.00 0.00 0.00 1.28 0.65 3.04 1.02亿 10.00亿 79.00亿 8.35  
33 000723 美锦能源 15.17 -4.71 -0.75 0.20 19.24 0.98 6.09 31.66亿 10.81亿 164.02亿 41.49  
34 000571 *ST大洲 2.50 -4.94 -0.13 0.00 0.34 0.04 0.00 0.07亿 8.06亿 20.16亿 --  
35 600408 安泰集团 2.99 -5.08 -0.16 0.00 2.24 1.40 1.91 0.68亿 10.07亿 30.10亿 38.17  
