1 002840 华统股份 19.03 10.00 1.73 0.00 7.47 0.83 10.58 2.02亿 1.47亿 27.92亿 27.81  
2 000716 黑芝麻 5.51 6.78 0.35 -0.54 7.00 0.85 9.69 2.30亿 6.20亿 34.15亿 136.15  
3 002726 龙大肉食 11.42 6.33 0.68 0.00 2.49 0.90 10.52 2.11亿 7.50亿 85.69亿 26.87  
4 002330 得利斯 7.91 5.89 0.44 0.00 4.89 0.65 12.98 1.90亿 5.02亿 39.70亿 66.61  
5 000895 双汇发展 27.83 5.82 1.53 0.11 1.13 1.55 6.58 10.16亿 32.99亿 918.12亿 17.95  
6 603696 安记食品 12.85 5.76 0.70 0.00 1.18 0.73 5.60 0.25亿 1.68亿 21.59亿 40.43  
7 002695 煌上煌 14.21 5.26 0.71 0.00 3.84 1.15 10.22 2.44亿 4.53亿 64.43亿 28.58  
8 603777 来伊份 13.49 4.57 0.59 0.07 14.42 1.64 15.66 2.03亿 1.11亿 14.92亿 17.73  
9 002910 庄园牧场 14.88 4.42 0.63 0.00 11.39 0.63 9.75 1.24亿 0.74亿 11.03亿 37.70  
10 600073 上海梅林 10.70 4.39 0.45 -0.09 7.34 0.78 9.95 7.39亿 9.38亿 100.34亿 13.68  
11 603317 天味食品 36.81 3.84 1.36 0.14 37.49 0.87 8.80 5.71亿 0.41亿 15.21亿 57.04  
12 600882 妙可蓝多 11.22 3.70 0.40 -0.09 0.59 1.08 6.84 0.27亿 4.04亿 45.30亿 2988.13  
13 002770 科迪乳业 3.39 3.35 0.11 0.30 1.43 0.57 4.57 0.29亿 6.03亿 20.44亿 30.95  
14 300106 西部牧业 6.87 3.31 0.22 -0.29 2.07 0.34 4.96 0.30亿 2.11亿 14.50亿 301.13  
15 002650 加加食品 3.84 2.95 0.11 0.00 1.31 0.65 3.22 0.47亿 9.47亿 36.37亿 19.89  
16 600866 星湖科技 5.40 2.47 0.13 0.00 2.47 0.97 6.64 0.85亿 6.45亿 34.85亿 26.92  
17 603517 绝味食品 46.46 2.42 1.10 0.24 0.89 0.67 4.28 0.67亿 1.64亿 76.06亿 26.27  
18 002702 海欣食品 4.97 2.26 0.11 -0.20 3.40 0.66 3.70 0.53亿 3.19亿 15.85亿 45.66  
19 002661 克明面业 14.40 1.91 0.27 -0.55 1.07 0.70 3.11 0.50亿 3.26亿 46.99亿 19.54  
20 603536 惠发股份 9.38 1.41 0.13 0.43 9.03 0.81 13.73 0.51亿 0.60亿 5.65亿 --  
21 600429 三元股份 5.65 1.25 0.07 0.18 0.25 0.51 3.23 0.12亿 8.85亿 50.00亿 40.07  
22 603020 爱普股份 8.53 1.19 0.10 0.00 0.38 0.43 2.97 0.10亿 3.20亿 27.30亿 23.28  
23 002719 麦趣尔 11.50 1.14 0.13 0.00 0.90 0.54 3.87 0.15亿 1.41亿 16.20亿 148.03  
24 002820 桂发祥 13.36 1.14 0.15 -0.22 0.82 0.48 2.19 0.14亿 1.24亿 16.58亿 24.62  
25 002570 贝因美 6.24 1.14 0.07 0.00 1.07 0.59 3.40 0.68亿 10.22亿 63.80亿 178.85  
26 002507 涪陵榨菜 28.69 1.06 0.30 -0.07 1.03 0.97 2.64 2.28亿 7.75亿 222.38亿 36.47  
27 002847 盐津铺子 31.90 1.04 0.33 0.03 8.65 0.58 5.70 0.99亿 0.36亿 11.51亿 34.72  
28 603866 桃李面包 37.50 0.89 0.33 0.00 0.11 0.81 2.29 0.28亿 6.59亿 247.08亿 50.99  
29 600872 中炬高新 36.05 0.87 0.31 0.06 0.84 0.92 2.10 2.40亿 7.97亿 287.19亿 37.91  
30 600887 伊利股份 31.00 0.81 0.25 -0.03 0.62 0.60 2.60 11.66亿 60.40亿 1872.34亿 20.70  
31 002557 洽洽食品 22.51 0.63 0.14 0.00 0.83 0.49 3.04 0.96亿 5.07亿 114.13亿 25.06  
32 002495 佳隆股份 3.43 0.59 0.02 0.00 1.03 0.65 3.52 0.25亿 7.14亿 24.49亿 96.65  
33 002732 燕塘乳业 17.17 0.59 0.10 0.00 0.57 0.93 1.64 0.15亿 1.56亿 26.72亿 61.74  
34 300741 华宝股份 33.59 0.57 0.19 0.03 1.90 0.48 1.74 0.39亿 0.62亿 20.69亿 17.63  
35 603288 海天味业 89.28 0.45 0.40 0.00 0.12 0.85 2.91 2.91亿 27.00亿 2410.89亿 40.80  
36 002582 好想你 9.78 0.31 0.03 0.21 2.65 0.74 2.56 0.68亿 2.61亿 25.56亿 9.49  
37 600419 天润乳业 14.71 0.14 0.02 0.07 1.08 0.63 1.36 0.33亿 2.07亿 30.47亿 24.63  
38 002216 三全食品 7.90 0.00 0.00 0.00 0.32 0.42 1.52 0.14亿 5.65亿 44.60亿 39.43  
39 002481 双塔食品 3.90 -0.26 -0.01 0.00 2.27 0.77 4.09 0.99亿 11.07亿 43.18亿 32.62  
40 603027 千禾味业 23.17 -0.30 -0.07 0.09 1.42 0.55 4.35 1.07亿 3.22亿 74.56亿 37.39  
41 600305 恒顺醋业 13.13 -0.68 -0.09 0.00 2.10 1.00 4.16 2.14亿 7.84亿 102.88亿 35.68  
42 300146 汤臣倍健 21.69 -0.73 -0.16 0.00 2.81 1.17 3.89 5.40亿 8.81亿 191.16亿 16.01  
43 603043 广州酒家 28.85 -0.86 -0.25 0.00 1.41 0.72 2.78 0.51亿 1.26亿 36.21亿 64.03  
44 600597 光明乳业 10.50 -1.13 -0.12 0.67 1.07 0.89 4.52 1.39亿 12.24亿 128.55亿 22.77  
45 603345 安井食品 45.46 -1.50 -0.69 0.00 1.69 0.73 4.51 0.94亿 1.23亿 55.85亿 37.85  
46 002946 新乳业 14.94 -1.84 -0.28 0.00 8.07 0.50 6.04 1.03亿 0.85亿 12.75亿 140.83  
47 603886 元祖股份 24.30 -3.11 -0.78 0.04 1.35 0.54 9.01 0.41亿 1.21亿 29.45亿 --  
48 002329 皇氏集团 4.44 -3.48 -0.16 0.23 2.34 0.55 8.70 0.54亿 5.20亿 23.09亿 88.03  
49 600186 莲花健康 2.02 -5.16 -0.11 0.00 0.15 0.03 0.00 0.03亿 10.62亿 21.45亿 --  
50 002515 金字火腿 6.46 -8.50 -0.60 0.16 3.63 1.44 18.41 2.15亿 8.49亿 54.87亿 49.56  
