1 002519 银河电子 4.16 4.26 0.17 0.00 1.80 0.88 5.76 0.62亿 8.32亿 34.59亿 33.88  
2 000810 创维数字 10.30 3.10 0.31 0.10 1.24 0.81 3.70 1.24亿 9.71亿 99.98亿 23.53  
3 002429 兆驰股份 3.01 3.08 0.09 0.00 0.53 0.56 3.77 0.62亿 39.73亿 119.58亿 17.95  
4 000100 TCL集团 3.59 2.57 0.09 0.00 1.04 0.70 2.29 4.74亿 127.88亿 459.08亿 15.61  
5 002848 高斯贝尔 12.50 2.38 0.29 0.00 4.71 0.60 3.77 0.51亿 0.88亿 10.95亿 --  
6 000016 深康佳A 4.80 1.91 0.09 0.21 0.64 0.62 2.97 0.49亿 15.97亿 76.64亿 33.77  
7 000801 四川九洲 6.39 0.95 0.06 0.00 0.94 0.65 2.84 0.61亿 10.23亿 65.36亿 228.79  
8 600839 四川长虹 3.24 0.31 0.01 0.00 0.72 0.52 2.79 1.08亿 46.14亿 149.50亿 77.89  
9 600060 海信电器 9.44 -3.67 -0.36 0.11 1.69 1.32 3.16 2.08亿 13.08亿 123.52亿 115.29  
10 002420 *ST毅昌 3.57 -5.05 -0.19 0.00 0.23 0.12 0.00 0.03亿 3.92亿 13.98亿 48.44  
11 603996 中新科技 7.99 -8.69 -0.76 0.38 3.99 2.87 3.66 0.96亿 3.00亿 23.98亿 --  
12 002052 同洲电子 4.59 -10.00 -0.51 0.00 5.45 1.55 4.12 1.90亿 7.46亿 34.24亿 80.53  
