1 603505 金石资源 20.05 4.37 0.84 0.05 5.25 0.67 6.09 1.15亿 1.12亿 22.46亿 28.99  
2 000923 河北宣工 16.24 4.10 0.64 0.25 1.47 0.99 5.58 0.46亿 1.98亿 32.16亿 25.25  
3 000655 金岭矿业 4.98 3.75 0.18 0.00 1.22 0.80 3.96 0.36亿 5.95亿 29.65亿 25.00  
4 601969 海南矿业 5.42 3.24 0.17 0.37 0.25 0.60 3.43 0.26亿 19.55亿 105.95亿 79.99  
5 600295 鄂尔多斯 9.05 3.08 0.27 -0.22 0.68 0.58 4.90 0.37亿 6.12亿 55.39亿 14.50  
6 600777 新潮能源 2.43 2.53 0.06 -0.82 2.32 0.45 5.49 1.85亿 32.68亿 79.42亿 --  
7 000833 粤桂股份 5.74 1.95 0.11 0.00 1.90 0.49 3.91 0.41亿 3.78亿 21.70亿 184.39  
8 600532 宏达矿业 5.49 1.85 0.10 0.00 1.63 0.70 3.34 0.46亿 5.16亿 28.33亿 --  
9 000968 蓝焰控股 12.29 0.16 0.02 0.08 0.56 0.60 2.77 0.35亿 5.13亿 63.10亿 23.65  
10 601857 中国石油 7.41 0.14 0.01 0.00 0.04 0.59 0.81 4.18亿 1619.22亿 11998.40亿 33.08  
11 600759 洲际油气 4.24 -1.17 -0.05 0.00 5.05 0.55 6.29 4.76亿 22.58亿 95.75亿 353.48  
