1 603028 赛福天 10.18 10.05 0.93 0.00 2.95 1.34 9.95 0.65亿 2.21亿 22.48亿 115.41  
2 600860 京城股份 7.68 10.03 0.70 0.00 4.25 0.73 9.03 1.01亿 3.22亿 24.73亿 --  
3 300421 力星股份 10.21 10.02 0.93 0.00 12.95 1.56 11.10 2.45亿 1.87亿 19.04亿 35.50  
4 002793 东音股份 18.02 10.01 1.64 0.00 0.30 0.32 0.00 0.07亿 1.32亿 23.72亿 49.69  
5 300435 中泰股份 18.96 9.98 1.72 0.00 14.02 0.89 9.92 3.09亿 1.19亿 22.47亿 64.21  
6 002164 宁波东力 4.10 9.92 0.37 0.00 1.67 0.61 0.00 0.30亿 4.36亿 17.88亿 13.37  
7 601177 杭齿前进 10.49 7.37 0.72 0.10 2.07 1.42 10.44 0.87亿 4.00亿 41.97亿 143.93  
8 002347 泰尔股份 6.05 6.89 0.39 0.17 11.61 1.17 9.72 2.23亿 3.19亿 19.31亿 113.90  
9 002132 恒星科技 3.09 6.55 0.19 0.00 3.78 1.27 7.93 1.44亿 12.52亿 38.70亿 62.88  
10 002559 亚威股份 9.10 5.57 0.48 0.22 4.08 1.17 10.32 1.17亿 3.17亿 28.89亿 34.79  
11 002884 凌霄泵业 29.46 5.10 1.43 0.03 3.27 1.50 6.60 0.61亿 0.64亿 18.71亿 15.16  
12 002633 申科股份 9.54 5.07 0.46 0.42 1.24 0.80 5.84 0.17亿 1.49亿 14.25亿 --  
13 300228 富瑞特装 7.48 4.91 0.35 0.00 5.47 0.55 5.33 1.67亿 4.14亿 30.95亿 271.69  
14 603617 君禾股份 23.30 4.62 1.03 -0.56 16.08 1.02 9.88 1.12亿 0.30亿 7.09亿 26.86  
15 300441 鲍斯股份 9.10 4.24 0.37 0.00 2.65 0.67 7.79 0.59亿 2.45亿 22.32亿 65.60  
16 603699 纽威股份 14.08 3.83 0.52 0.00 0.60 0.98 5.31 0.62亿 7.50亿 105.60亿 30.48  
17 300606 金太阳 17.93 3.82 0.66 0.00 2.81 0.66 3.53 0.17亿 0.33亿 5.96亿 31.38  
18 002438 江苏神通 7.70 3.77 0.28 0.00 1.38 1.60 6.74 0.42亿 3.99亿 30.75亿 18.49  
19 300629 新劲刚 17.75 3.74 0.64 0.00 1.82 0.75 3.51 0.14亿 0.43亿 7.68亿 8186.11  
20 300554 三超新材 17.33 3.71 0.62 0.06 3.92 0.86 5.39 0.32亿 0.47亿 8.07亿 282.89  
21 002552 宝鼎科技 7.40 3.50 0.25 0.14 2.04 0.63 3.92 0.30亿 2.00亿 14.81亿 38.13  
22 000530 大冷股份 4.56 3.40 0.15 -0.22 2.40 0.76 4.99 0.65亿 5.98亿 27.26亿 9.00  
23 600218 全柴动力 18.16 3.18 0.56 0.17 18.35 0.85 7.39 12.19亿 3.69亿 66.97亿 56.98  
24 300154 瑞凌股份 5.90 3.15 0.18 -0.34 0.64 0.64 5.42 0.12亿 3.17亿 18.70亿 51.18  
25 603269 海鸥股份 15.25 3.04 0.45 -1.55 3.29 0.88 5.13 0.18亿 0.37亿 5.66亿 51.44  
26 002532 新界泵业 7.34 2.94 0.21 0.14 1.97 0.55 3.23 0.54亿 3.78亿 27.75亿 33.71  
27 300402 宝色股份 10.12 2.85 0.28 0.20 2.16 0.61 3.76 0.19亿 0.86亿 8.73亿 124.38  
28 600243 青海华鼎 4.71 2.84 0.13 0.00 0.58 0.73 4.80 0.12亿 4.39亿 20.67亿 --  
29 600172 黄河旋风 3.74 2.75 0.10 0.00 1.83 0.52 4.95 0.78亿 11.45亿 42.81亿 88.83  
30 000777 中核科技 14.20 2.67 0.37 0.00 1.43 0.79 3.33 0.77亿 3.83亿 54.44亿 111.06  
31 300464 星徽精密 9.15 2.58 0.23 0.55 0.91 0.76 4.26 0.16亿 1.98亿 18.08亿 35.99  
32 002272 川润股份 5.18 2.57 0.13 0.00 2.39 0.43 4.36 0.40亿 3.21亿 16.61亿 11.92  
33 002487 大金重工 4.43 2.55 0.11 0.00 0.58 0.64 3.24 0.14亿 5.40亿 23.92亿 53.14  
34 603187 海容冷链 48.55 2.53 1.20 0.08 4.75 0.59 3.23 0.46亿 0.20亿 9.71亿 19.65  
35 002760 凤形股份 17.86 2.53 0.44 -0.11 2.62 0.86 5.11 0.34亿 0.73亿 12.96亿 20.84  
36 300222 科大智能 15.09 2.51 0.37 0.80 1.21 0.74 2.79 0.62亿 3.42亿 51.56亿 96.15  
37 603131 上海沪工 22.74 2.43 0.54 0.00 3.54 0.71 3.74 0.40亿 0.50亿 11.37亿 125.64  
38 002426 胜利精密 3.03 2.37 0.07 -0.33 1.10 0.50 4.05 0.71亿 21.58亿 65.38亿 --  
39 600558 大西洋 3.90 2.36 0.09 0.00 0.54 0.50 3.67 0.19亿 8.98亿 35.01亿 104.42  
40 603985 恒润股份 22.90 2.23 0.50 0.04 1.13 0.57 3.97 0.17亿 0.67亿 15.24亿 25.98  
41 000410 沈阳机床 7.36 2.22 0.16 -0.14 0.91 0.51 3.47 0.49亿 7.40亿 54.49亿 --  
42 002903 宇环数控 16.14 2.15 0.34 0.00 3.13 0.49 2.91 0.33亿 0.66亿 10.65亿 --  
43 002943 宇晶股份 30.75 2.13 0.64 0.03 4.47 0.70 3.45 0.34亿 0.25亿 7.69亿 28.88  
44 601002 晋亿实业 7.30 2.10 0.15 0.00 1.58 0.62 3.50 0.92亿 7.93亿 57.87亿 19.93  
45 000570 苏常柴A 4.92 2.08 0.10 0.20 1.33 0.62 3.94 0.27亿 4.11亿 20.24亿 274.22  
46 002843 泰嘉股份 15.31 2.07 0.31 -0.07 1.39 0.55 2.33 0.18亿 0.84亿 12.86亿 32.86  
47 002877 智能自控 15.80 2.07 0.32 0.00 2.92 0.38 2.58 0.24亿 0.52亿 8.21亿 70.36  
48 603315 福鞍股份 12.85 2.06 0.26 0.31 0.41 0.66 3.42 0.12亿 2.20亿 28.26亿 283.70  
49 002150 通润装备 8.07 2.02 0.16 0.12 0.88 0.94 4.17 0.19亿 2.73亿 22.04亿 24.08  
50 600577 精达股份 3.53 2.02 0.07 0.28 0.68 0.52 2.31 0.46亿 19.21亿 67.83亿 21.91  
51 002686 亿利达 7.65 2.00 0.15 0.39 0.44 0.43 2.67 0.12亿 3.48亿 26.63亿 --  
52 002685 华东重机 5.82 1.93 0.11 0.17 0.38 0.51 2.98 0.16亿 7.48亿 43.54亿 35.59  
53 300092 科新机电 7.41 1.93 0.14 0.00 1.68 0.64 3.85 0.21亿 1.67亿 12.39亿 26.01  
54 603090 宏盛股份 15.47 1.84 0.28 -0.51 2.10 0.76 4.08 0.13亿 0.41亿 6.29亿 106.33  
55 300700 岱勒新材 21.78 1.82 0.39 0.74 2.78 0.75 3.69 0.27亿 0.44亿 9.65亿 --  
56 000816 *ST慧业 2.24 1.82 0.04 0.00 1.30 0.61 4.55 0.39亿 13.36亿 29.93亿 256.12  
57 603960 克来机电 26.83 1.71 0.45 0.79 1.24 0.83 3.30 0.22亿 0.67亿 18.07亿 49.02  
58 300278 华昌达 6.80 1.64 0.11 0.00 2.21 0.49 2.69 0.40亿 2.68亿 18.23亿 --  
59 603626 科森科技 9.70 1.57 0.15 -0.21 2.21 0.42 4.50 0.34亿 1.58亿 15.34亿 77.09  
60 603088 宁波精达 14.31 1.56 0.22 0.00 0.98 0.33 2.70 0.16亿 1.12亿 16.03亿 32.20  
61 603308 应流股份 9.85 1.55 0.15 -0.10 0.61 0.64 2.47 0.24亿 4.00亿 39.40亿 28.38  
62 603331 百达精工 16.57 1.47 0.24 -0.42 2.87 0.78 2.69 0.15亿 0.32亿 5.27亿 22.26  
63 603667 五洲新春 9.00 1.47 0.13 -0.22 1.08 0.52 2.48 0.11亿 1.13亿 10.21亿 26.84  
64 002639 雪人股份 12.00 1.44 0.17 0.00 7.45 0.68 6.17 4.60亿 5.16亿 61.96亿 882.02  
65 300095 华伍股份 5.67 1.43 0.08 0.00 1.62 0.69 2.68 0.23亿 2.55亿 14.45亿 28.87  
66 000595 宝塔实业 3.58 1.42 0.05 0.00 1.38 0.35 8.21 0.37亿 7.52亿 26.92亿 --  
67 300126 锐奇股份 5.85 1.39 0.08 0.69 1.02 0.53 2.25 0.13亿 2.11亿 12.32亿 --  
68 601369 陕鼓动力 6.64 1.37 0.09 0.30 0.33 0.67 3.05 0.36亿 16.39亿 108.81亿 22.16  
69 300064 豫金刚石 5.20 1.36 0.07 0.39 1.66 0.57 2.73 0.52亿 6.06亿 31.49亿 46.17  
70 600765 中航重机 9.71 1.36 0.13 0.00 0.97 0.78 3.03 0.73亿 7.78亿 75.54亿 64.03  
71 002342 巨力索具 3.95 1.28 0.05 0.00 1.15 0.70 2.31 0.40亿 8.81亿 34.80亿 104.93  
72 002514 宝馨科技 6.36 1.27 0.08 0.00 1.33 0.62 2.71 0.33亿 3.88亿 24.68亿 15.60  
73 300260 新莱应材 11.95 1.27 0.15 -0.25 1.44 0.70 2.63 0.22亿 1.27亿 15.19亿 52.44  
74 600992 贵绳股份 8.55 1.18 0.10 0.59 0.47 0.39 2.25 0.10亿 2.45亿 20.96亿 81.49  
75 603969 银龙股份 5.42 1.12 0.06 0.00 0.70 0.63 3.17 0.32亿 8.41亿 45.58亿 61.46  
76 002026 山东威达 6.36 1.11 0.07 0.00 1.04 0.56 2.23 0.24亿 3.70亿 23.50亿 22.46  
77 002046 轴研科技 8.50 1.07 0.09 0.00 0.61 0.56 3.45 0.21亿 4.09亿 34.74亿 39.88  
78 601882 海天精工 8.06 1.00 0.08 -0.37 0.84 0.57 2.88 0.09亿 1.26亿 10.15亿 97.38  
79 603278 大业股份 11.22 0.99 0.11 -0.18 1.06 0.58 2.70 0.14亿 1.20亿 13.45亿 19.08  
80 600841 上柴股份 8.29 0.97 0.08 0.00 0.30 0.50 1.95 0.13亿 5.22亿 43.26亿 68.94  
81 002796 世嘉科技 38.70 0.91 0.35 0.00 8.32 0.83 7.59 1.92亿 0.59亿 22.88亿 109.76  
82 000837 秦川机床 4.85 0.83 0.04 0.21 1.24 0.66 2.50 0.35亿 5.83亿 28.26亿 137.71  
83 603339 四方科技 16.45 0.80 0.13 0.06 1.25 0.61 1.72 0.12亿 0.59亿 9.72亿 25.06  
84 300193 佳士科技 7.65 0.79 0.06 0.00 0.45 0.67 3.03 0.16亿 4.58亿 35.01亿 32.77  
85 300024 机器人 16.75 0.78 0.13 0.00 1.17 1.11 2.65 2.95亿 15.14亿 253.53亿 96.87  
86 002282 博深工具 9.52 0.74 0.07 0.00 0.77 0.68 1.59 0.16亿 2.25亿 21.47亿 59.34  
87 600481 双良节能 4.16 0.73 0.03 0.24 0.35 0.46 1.70 0.23亿 16.20亿 67.41亿 161.81  
88 000880 潍柴重机 8.62 0.70 0.06 0.00 1.39 0.82 3.15 0.16亿 1.35亿 11.65亿 61.42  
89 603757 大元泵业 20.55 0.69 0.14 0.15 2.10 0.58 1.57 0.15亿 0.35亿 7.19亿 22.51  
90 300161 华中数控 13.85 0.58 0.08 -0.22 1.67 0.66 3.05 0.39亿 1.68亿 23.26亿 --  
91 300607 拓斯达 37.81 0.56 0.21 0.03 1.90 0.58 2.85 0.41亿 0.57亿 21.69亿 31.95  
92 600592 龙溪股份 9.58 0.53 0.05 0.42 1.49 0.69 4.51 0.57亿 4.00亿 38.28亿 7.58  
93 300257 开山股份 12.36 0.49 0.06 0.08 0.25 0.77 3.74 0.25亿 8.18亿 101.07亿 86.20  
94 300345 红宇新材 6.22 0.48 0.03 0.00 2.98 0.66 3.72 0.68亿 3.69亿 22.93亿 269.90  
95 002520 日发精机 7.92 0.38 0.03 0.00 0.40 0.63 2.41 0.16亿 4.97亿 39.39亿 35.48  
96 002598 山东章鼓 7.57 0.27 0.02 0.13 0.61 0.45 2.52 0.12亿 2.70亿 20.45亿 37.45  
97 002896 中大力德 30.80 0.26 0.08 -0.19 1.47 0.65 1.92 0.16亿 0.34亿 10.55亿 43.02  
98 002747 埃斯顿 9.73 0.21 0.02 0.00 0.56 0.73 3.30 0.40亿 7.27亿 70.70亿 107.31  
99 601028 玉龙股份 5.09 0.20 0.01 0.00 0.68 0.31 3.94 0.27亿 7.83亿 39.86亿 --  
100 002480 新筑股份 5.58 0.18 0.01 -0.36 0.88 0.40 3.23 0.31亿 6.39亿 35.65亿 --  
101 002871 伟隆股份 22.90 0.00 0.00 4.57 18.48 1.23 6.11 1.18亿 0.29亿 6.62亿 48.32  
102 300091 金通灵 5.60 0.00 0.00 0.18 6.33 0.73 5.18 3.72亿 10.56亿 59.12亿 30.93  
103 300420 五洋停车 6.26 -0.16 -0.01 0.16 2.19 0.99 6.38 0.64亿 4.69亿 29.37亿 31.71  
104 002248 华东数控 9.33 -0.21 -0.02 0.00 0.61 0.88 2.14 0.17亿 2.97亿 27.67亿 --  
105 300503 昊志机电 9.63 -0.41 -0.04 0.00 0.96 0.43 3.52 0.14亿 1.55亿 14.93亿 312.76  
106 000039 中集集团 14.14 -0.42 -0.06 0.00 0.65 0.75 1.97 1.16亿 12.68亿 179.26亿 26.01  
107 601100 恒立液压 28.71 -0.66 -0.19 0.00 0.71 0.68 4.26 1.80亿 8.82亿 253.22亿 19.40  
108 603595 东尼电子 35.74 -0.75 -0.27 0.39 2.55 1.41 6.33 0.45亿 0.50亿 17.79亿 --  
109 300488 恒锋工具 27.10 -0.81 -0.22 0.00 1.63 0.44 3.48 0.13亿 0.31亿 8.32亿 32.55  
110 002444 巨星科技 11.61 -0.94 -0.11 0.00 0.85 1.17 4.27 1.00亿 10.12亿 117.47亿 20.45  
111 300430 诚益通 12.88 -1.30 -0.17 -0.39 2.95 0.41 5.06 0.85亿 2.23亿 28.76亿 60.90  
112 000811 冰轮环境 9.05 -1.52 -0.14 0.00 3.08 0.82 8.05 1.79亿 6.53亿 59.10亿 8.79  
113 300179 四方达 4.57 -1.72 -0.08 0.22 3.09 0.43 6.02 0.47亿 3.32亿 15.19亿 46.44  
114 300450 先导智能 31.87 -1.94 -0.63 0.03 1.75 0.82 4.31 2.73亿 4.89亿 155.97亿 36.23  
115 300400 劲拓股份 19.53 -1.96 -0.39 0.00 1.17 0.48 6.63 0.37亿 1.59亿 31.12亿 --  
116 300470 日机密封 26.60 -2.56 -0.70 0.00 1.79 0.93 3.74 0.86亿 1.80亿 47.81亿 27.21  
117 603666 亿嘉和 59.14 -3.21 -1.96 0.00 4.62 0.82 4.81 0.68亿 0.25亿 14.53亿 40.88  
118 300097 智云股份 12.73 -4.64 -0.62 0.00 4.92 0.87 6.29 1.29亿 2.02亿 25.69亿 --  
119 002122 *ST天马 3.27 -4.94 -0.17 0.00 1.30 0.61 5.52 0.51亿 11.88亿 38.85亿 --  
120 300718 长盛轴承 18.10 -5.24 -1.00 0.22 9.03 0.91 9.37 0.81亿 0.49亿 8.96亿 30.68  
121 002423 中原特钢 10.27 -7.73 -0.86 -0.10 1.33 1.14 5.66 0.70亿 5.03亿 51.66亿 18.69  
122 300145 中金环境 5.41 -9.98 -0.60 0.00 6.05 0.86 5.66 4.92亿 14.79亿 80.02亿 28.57  
123 000890 法尔胜 6.56 -10.01 -0.73 0.00 2.33 0.19 1.92 0.58亿 3.80亿 24.90亿 77.76  
124 002158 汉钟精机 11.67 -10.02 -1.30 0.00 1.67 0.19 0.00 1.03亿 5.29亿 61.68亿 58.16  
