1 002057 中钢天源 12.10 10.00 1.10 0.00 9.59 0.56 10.36 3.60亿 3.20亿 38.68亿 25.80  
2 300489 中飞股份 17.48 4.73 0.79 0.75 2.85 0.99 7.97 0.36亿 0.72亿 12.51亿 --  
3 603978 深圳新星 19.75 4.72 0.89 0.10 2.75 0.79 4.29 0.41亿 0.76亿 15.03亿 49.04  
4 000633 合金投资 5.75 4.17 0.23 0.17 1.66 0.67 5.80 0.36亿 3.85亿 22.14亿 --  
5 002130 沃尔核材 5.20 3.38 0.17 0.19 2.42 0.68 3.18 1.24亿 9.94亿 51.69亿 51.60  
6 002149 西部材料 8.78 1.97 0.17 0.00 2.94 0.68 3.02 1.10亿 4.25亿 37.34亿 679.95  
7 000962 东方钽业 7.52 1.62 0.12 0.13 1.43 0.50 2.43 0.47亿 4.41亿 33.15亿 275.74  
8 300748 金力永磁 21.08 1.59 0.33 0.00 4.97 0.56 5.59 0.43亿 0.42亿 8.77亿 82.66  
9 603826 坤彩科技 16.35 1.49 0.24 0.06 1.32 0.52 1.80 0.41亿 1.89亿 30.98亿 54.78  
10 000795 英洛华 4.64 1.31 0.06 0.00 0.89 0.37 3.06 0.37亿 8.86亿 41.13亿 41.88  
11 002340 格林美 4.84 1.25 0.06 0.00 0.82 0.52 2.30 1.52亿 37.92亿 183.54亿 28.65  
12 300666 江丰电子 38.49 1.16 0.44 0.00 2.15 0.64 2.84 0.73亿 0.89亿 34.31亿 195.88  
13 300224 正海磁材 6.36 1.11 0.07 0.32 0.37 0.35 1.75 0.17亿 7.36亿 46.81亿 188.74  
14 000970 中科三环 10.25 0.98 0.10 -0.20 1.28 0.49 2.56 1.40亿 10.65亿 109.18亿 61.73  
15 300127 银河磁体 12.65 0.96 0.12 0.00 0.80 0.52 3.03 0.23亿 2.27亿 28.73亿 27.51  
16 000969 安泰科技 7.83 0.90 0.07 0.13 1.97 0.65 5.93 1.54亿 9.87亿 77.27亿 36.74  
17 300395 菲利华 18.36 0.66 0.12 -0.11 0.69 0.71 2.41 0.34亿 2.69亿 49.40亿 49.43  
18 600206 有研新材 8.49 0.59 0.05 0.12 1.52 0.50 3.08 1.09亿 8.39亿 71.21亿 122.10  
19 300706 阿石创 23.41 0.56 0.13 0.09 3.10 0.62 2.49 0.41亿 0.56亿 13.17亿 609.83  
20 600330 天通股份 7.51 0.40 0.03 0.00 1.01 0.30 2.27 0.76亿 9.97亿 74.84亿 22.64  
21 600114 东睦股份 7.26 0.00 0.00 0.00 0.98 0.40 2.20 0.45亿 6.34亿 46.06亿 51.43  
22 002182 云海金属 7.90 0.00 0.00 0.00 1.10 0.27 2.40 0.46亿 5.25亿 41.44亿 26.91  
23 002529 海源复材 8.49 0.00 0.00 -0.35 1.77 0.49 2.59 0.30亿 2.00亿 16.98亿 --  
24 300285 国瓷材料 16.42 -0.67 -0.11 -0.30 1.14 0.71 4.90 1.30亿 6.89亿 113.08亿 33.00  
25 603260 合盛硅业 50.49 -1.10 -0.56 -0.02 2.17 2.04 9.97 2.78亿 2.61亿 131.70亿 21.02  
26 603688 石英股份 13.46 -1.61 -0.22 -0.07 0.98 0.81 4.02 0.45亿 3.37亿 45.34亿 39.48  
27 300731 科创新源 25.55 -1.66 -0.43 -0.04 1.44 1.02 3.77 0.21亿 0.59亿 15.01亿 45.47  
28 600366 宁波韵升 6.67 -2.63 -0.18 0.30 1.80 0.98 4.23 1.18亿 9.89亿 65.97亿 15.50  
29 603612 索通发展 12.55 -3.98 -0.52 -0.08 4.39 1.01 5.43 0.98亿 1.79亿 22.45亿 135.18  
30 600615 丰华股份 11.85 -4.97 -0.62 0.00 0.35 0.66 0.00 0.08亿 1.88亿 22.23亿 --  
31 600614 鹏起科技 5.52 -4.99 -0.29 0.00 0.01 0.01 0.00 0.01亿 15.11亿 83.43亿 --  
32 603045 福达合金 31.60 -7.98 -2.74 0.03 22.30 0.70 7.54 1.74亿 0.25亿 7.77亿 52.08  
33 600516 方大炭素 20.98 -10.00 -2.33 0.00 0.68 0.28 0.00 2.54亿 17.72亿 371.83亿 13.29  
