1 600000 浦发银行 11.97 4.27 0.49 0.25 0.44 3.18 3.40 14.67亿 281.04亿 3364.02亿 5.34  
2 601166 兴业银行 19.92 2.47 0.48 -0.05 0.79 1.84 2.31 30.10亿 190.52亿 3795.23亿 5.26  
3 601229 上海银行 12.67 2.42 0.30 0.08 0.82 1.14 3.88 5.35亿 51.96亿 658.28亿 6.90  
4 600919 江苏银行 7.34 2.37 0.17 0.14 0.92 1.60 2.51 4.00亿 60.08亿 441.00亿 5.62  
5 600926 杭州银行 8.88 1.95 0.17 0.23 1.89 1.20 2.53 3.47亿 20.82亿 184.85亿 6.28  
6 601838 成都银行 9.45 1.83 0.17 0.11 1.60 1.21 3.56 2.80亿 18.67亿 176.40亿 6.74  
7 601128 常熟银行 8.16 1.62 0.13 0.12 3.44 0.93 2.99 3.60亿 12.84亿 104.74亿 11.46  
8 002958 青农商行 7.76 1.31 0.10 0.13 5.79 0.59 2.48 2.49亿 5.56亿 43.11亿 14.17  
9 601009 南京银行 8.67 1.17 0.10 -0.12 0.95 1.21 2.68 6.99亿 84.82亿 735.41亿 5.54  
10 601577 长沙银行 10.60 1.05 0.11 0.09 3.33 0.92 2.00 1.20亿 3.42亿 36.27亿 6.62  
11 002142 宁波银行 22.90 0.88 0.20 -0.22 0.48 1.05 3.08 5.06亿 46.31亿 1060.46亿 8.80  
12 601169 北京银行 6.37 0.79 0.05 0.00 0.41 1.07 1.58 4.70亿 182.48亿 1162.40亿 5.32  
13 002839 张家港行 6.49 0.78 0.05 0.00 1.69 0.64 1.55 0.94亿 8.60亿 55.80亿 11.28  
14 002936 郑州银行 5.44 0.74 0.04 0.00 2.15 0.66 1.11 0.70亿 6.00亿 32.64亿 7.69  
15 600908 无锡银行 6.41 0.63 0.04 0.00 1.07 0.93 1.41 0.56亿 8.16亿 52.32亿 9.76  
16 002948 青岛银行 6.67 0.60 0.04 0.00 2.67 0.60 1.06 0.80亿 4.51亿 30.08亿 14.83  
17 002807 江阴银行 5.08 0.59 0.03 0.20 1.20 0.77 1.78 0.56亿 9.13亿 46.36亿 14.22  
18 601288 农业银行 3.76 0.54 0.02 0.00 0.10 0.96 1.60 10.98亿 2940.55亿 11056.50亿 5.37  
19 603323 苏农银行 6.98 0.43 0.03 0.00 2.08 0.78 1.73 1.16亿 7.98亿 55.68亿 13.08  
20 601939 建设银行 7.44 0.41 0.03 0.00 1.18 1.09 1.89 8.36亿 95.94亿 713.77亿 6.05  
21 601328 交通银行 6.26 0.32 0.02 -0.16 0.23 0.89 0.96 5.61亿 392.51亿 2457.10亿 5.52  
22 600016 民生银行 6.40 0.31 0.02 -0.16 0.34 0.98 1.57 7.63亿 354.62亿 2269.58亿 4.44  
23 601398 工商银行 5.81 0.17 0.01 -0.17 0.07 0.91 1.55 10.71亿 2696.12亿 15664.50亿 6.31  
24 601818 光大银行 4.17 0.00 0.00 -0.24 0.25 0.83 1.92 4.13亿 398.11亿 1660.10亿 5.62  
25 601988 中国银行 3.89 0.00 0.00 -0.26 0.06 0.72 1.28 4.66亿 2107.66亿 8198.78亿 5.62  
26 600928 西安银行 9.20 -0.76 -0.07 0.00 6.08 0.75 2.70 2.50亿 4.44亿 40.89亿 14.61  
27 601998 中信银行 6.29 -0.79 -0.05 0.00 0.12 0.95 2.05 2.45亿 319.05亿 2006.83亿 5.82  
28 601997 贵阳银行 13.76 -1.43 -0.20 0.00 2.44 1.37 2.36 4.15亿 12.39亿 170.48亿 6.07  
29 601860 紫金银行 7.18 -1.64 -0.12 0.14 7.05 0.63 3.29 1.84亿 3.66亿 26.29亿 22.54  
30 000001 平安银行 13.85 -1.77 -0.25 -0.07 0.65 0.92 3.26 15.43亿 171.70亿 2378.08亿 7.99  
31 600036 招商银行 34.45 -2.49 -0.88 -0.20 0.46 1.88 2.97 32.75亿 206.29亿 7106.67亿 8.52  
32 600015 华夏银行 8.02 -2.79 -0.23 0.00 0.65 2.35 1.58 6.69亿 128.23亿 1028.38亿 6.70  
