1 300417 南华仪器 20.88 10.01 1.90 0.00 7.65 2.29 9.27 0.71亿 0.45亿 9.39亿 29.29  
2 300515 三德科技 10.14 3.05 0.30 -0.30 2.19 0.97 4.78 0.20亿 0.91亿 9.23亿 58.70  
3 000901 航天科技 12.83 2.72 0.34 0.16 1.70 0.77 4.48 1.23亿 5.67亿 72.75亿 --  
4 002338 奥普光电 13.34 2.22 0.29 0.08 1.04 0.83 2.30 0.33亿 2.40亿 32.01亿 84.33  
5 300007 汉威科技 13.20 2.17 0.28 0.23 2.36 0.56 2.86 0.70亿 2.27亿 29.95亿 34.25  
6 300306 远方信息 8.67 2.00 0.17 0.23 1.23 0.36 3.29 0.16亿 1.47亿 12.73亿 49.47  
7 300648 星云股份 18.45 1.99 0.36 0.00 2.44 0.34 2.49 0.27亿 0.60亿 11.08亿 357.20  
8 300416 苏试试验 20.00 1.99 0.39 0.10 1.54 0.47 3.77 0.23亿 0.77亿 15.32亿 198.45  
9 300259 新天科技 3.79 1.88 0.07 0.27 1.73 0.58 4.03 0.48亿 7.24亿 27.45亿 49.89  
10 300445 康斯特 12.34 1.81 0.22 -0.08 1.57 0.78 3.96 0.17亿 0.88亿 10.87亿 45.34  
11 300567 精测电子 75.50 1.75 1.30 0.00 1.27 0.68 3.27 0.81亿 0.84亿 63.18亿 38.19  
12 300165 天瑞仪器 5.60 1.63 0.09 -0.18 2.62 0.57 2.72 0.46亿 3.16亿 17.70亿 33.91  
13 002819 东方中科 23.66 1.63 0.38 -0.17 0.80 0.57 3.95 0.09亿 0.46亿 10.87亿 127.14  
14 300114 中航电测 9.30 1.20 0.11 0.00 0.58 0.56 2.61 0.32亿 5.91亿 54.94亿 44.84  
15 300112 万讯自控 8.07 1.13 0.09 0.00 1.42 0.70 3.76 0.21亿 1.86亿 15.05亿 53.64  
16 603556 海兴电力 14.57 1.11 0.16 -0.14 1.28 0.82 2.50 0.32亿 1.68亿 24.44亿 23.44  
17 300720 海川智能 24.92 1.09 0.27 0.28 2.04 0.64 2.48 0.14亿 0.28亿 6.92亿 79.77  
18 300066 三川智慧 4.36 0.93 0.04 0.00 0.68 0.61 3.01 0.30亿 9.96亿 43.43亿 53.51  
19 300553 集智股份 34.51 0.85 0.29 -0.20 1.83 0.52 11.48 0.10亿 0.17亿 5.78亿 151.65  
20 300370 安控科技 4.14 0.73 0.03 0.00 6.32 0.65 5.60 1.89亿 7.22亿 29.91亿 971.54  
21 300354 东华测试 9.75 0.72 0.07 -0.10 2.22 0.57 2.79 0.16亿 0.75亿 7.36亿 --  
22 300557 理工光科 26.78 0.23 0.06 0.00 1.43 0.54 3.63 0.13亿 0.34亿 8.99亿 --  
23 300371 汇中股份 15.15 0.00 0.00 0.27 1.09 0.71 1.85 0.14亿 0.85亿 12.94亿 63.79  
24 300572 安车检测 79.49 -0.01 -0.01 1.06 0.69 0.79 3.82 0.30亿 0.56亿 44.82亿 77.69  
25 002857 三晖电气 12.54 -0.16 -0.02 0.16 1.65 0.66 3.98 0.10亿 0.49亿 6.20亿 --  
26 603700 宁波水表 25.67 -1.19 -0.31 0.00 5.26 0.58 2.92 0.53亿 0.39亿 10.03亿 40.17  
27 300349 金卡智能 20.00 -1.82 -0.37 0.10 2.01 1.72 3.98 1.41亿 3.52亿 70.41亿 19.92  
28 300341 麦克奥迪 7.05 -3.16 -0.23 0.00 1.37 0.82 8.79 0.50亿 5.10亿 35.93亿 44.55  
29 002849 威星智能 15.75 -3.49 -0.57 0.00 3.03 0.62 4.84 0.27亿 0.57亿 8.93亿 37.37  
30 002870 香山股份 19.36 -9.99 -2.15 0.00 11.20 0.70 5.07 0.89亿 0.40亿 7.77亿 72.99  
