1 002589 瑞康医药 7.71 5.62 0.41 0.00 2.63 1.36 7.40 2.17亿 10.83亿 83.53亿 15.28  
2 603883 老百姓 58.06 4.05 2.26 -0.22 0.78 1.80 5.18 1.20亿 2.67亿 155.02亿 26.09  
3 000078 海王生物 4.16 3.74 0.15 0.24 1.18 0.78 4.74 0.90亿 18.57亿 77.24亿 21.75  
4 002727 一心堂 29.05 2.83 0.80 -0.14 2.08 0.91 5.06 1.73亿 2.92亿 84.90亿 23.52  
5 603368 柳药股份 36.52 2.79 0.99 0.08 1.11 1.02 4.73 1.06亿 2.59亿 94.61亿 14.74  
6 600829 人民同泰 7.55 2.72 0.20 0.00 0.75 0.47 4.49 0.32亿 5.80亿 43.78亿 14.89  
7 000411 英特集团 13.75 2.61 0.35 0.07 0.94 0.56 3.58 0.27亿 2.07亿 28.51亿 23.39  
8 600833 第一医药 10.43 2.25 0.23 -0.10 0.56 0.58 3.04 0.13亿 2.23亿 23.27亿 41.20  
9 603233 大参林 47.90 1.98 0.93 -0.02 4.71 2.49 4.81 1.47亿 0.64亿 30.73亿 26.03  
10 600090 同济堂 5.72 1.60 0.09 0.18 0.58 0.49 1.95 0.23亿 7.03亿 40.19亿 14.86  
11 603716 塞力斯 19.21 1.59 0.30 -0.05 3.94 0.50 3.60 0.73亿 0.96亿 18.46亿 45.73  
12 000950 重药控股 6.33 1.44 0.09 0.00 0.91 0.56 2.88 0.41亿 7.11亿 45.01亿 20.80  
13 002758 华通医药 10.20 1.29 0.13 0.00 2.38 0.27 2.88 0.44亿 1.80亿 18.37亿 69.22  
14 600056 中国医药 14.95 1.29 0.19 0.00 0.94 0.64 2.37 1.43亿 10.12亿 151.31亿 9.76  
15 600713 南京医药 4.88 1.03 0.05 0.21 0.44 0.48 1.45 0.19亿 8.97亿 43.79亿 17.60  
16 600272 开开实业 8.36 0.97 0.08 0.12 0.74 0.49 2.17 0.10亿 1.60亿 13.38亿 73.64  
17 000705 浙江震元 7.30 0.69 0.05 -0.27 0.59 0.60 2.76 0.12亿 2.82亿 20.58亿 37.51  
18 002462 嘉事堂 17.58 0.69 0.12 0.00 0.94 0.48 1.32 0.41亿 2.49亿 43.83亿 11.15  
19 601607 上海医药 19.68 0.46 0.09 -0.05 0.64 0.84 2.04 2.44亿 19.23亿 378.43亿 12.41  
20 000028 国药一致 47.13 0.28 0.13 -0.06 0.35 0.56 1.55 0.52亿 3.08亿 145.04亿 16.81  
21 002788 鹭燕医药 16.73 -0.12 -0.02 0.06 1.99 0.53 2.69 0.62亿 1.87亿 31.28亿 18.11  
22 600511 国药股份 24.83 -0.52 -0.13 0.12 1.27 0.88 2.16 0.88亿 2.78亿 68.94亿 16.57  
23 600998 九州通 15.70 -0.57 -0.09 0.45 0.86 0.75 3.48 2.24亿 16.60亿 260.63亿 22.52  
24 603939 益丰药房 60.05 -0.58 -0.35 0.27 0.29 0.83 2.96 0.63亿 3.63亿 217.80亿 38.44  
25 002872 *ST天圣 9.20 -4.96 -0.48 0.00 0.26 0.09 0.00 0.05亿 2.15亿 19.78亿 70.12  
