1 600064 南京高科 11.40 4.49 0.49 0.35 2.88 1.51 3.94 3.99亿 12.36亿 140.90亿 4.15  
2 600604 市北高新 13.87 4.44 0.59 0.00 5.75 0.52 7.00 10.61亿 13.34亿 185.05亿 543.98  
3 600848 上海临港 35.22 3.96 1.34 0.20 1.44 0.74 6.05 3.97亿 7.88亿 277.54亿 126.16  
4 600648 外高桥 22.56 3.49 0.76 0.00 1.64 0.99 5.23 3.43亿 9.35亿 210.89亿 10.93  
5 600463 空港股份 8.25 3.12 0.25 0.00 0.95 0.79 8.50 0.23亿 3.00亿 24.75亿 --  
6 600658 电子城 6.02 2.73 0.16 0.17 0.32 0.71 5.46 0.22亿 11.19亿 67.34亿 18.74  
7 600639 浦东金桥 15.43 2.52 0.38 0.07 0.51 0.68 3.92 0.66亿 8.50亿 131.19亿 19.10  
8 600895 张江高科 20.24 2.33 0.46 -0.05 1.47 0.48 6.72 4.60亿 15.49亿 313.45亿 48.01  
9 600663 陆家嘴 17.92 1.93 0.34 0.00 0.12 0.59 2.27 0.51亿 24.45亿 438.06亿 17.28  
10 600215 长春经开 8.14 1.62 0.13 0.00 0.59 0.51 2.87 0.22亿 4.65亿 37.85亿 19.46  
