1 600356 恒丰纸业 8.39 6.74 0.53 0.00 3.04 1.43 8.52 0.75亿 2.99亿 25.06亿 27.92  
2 603429 集友股份 24.70 4.26 1.01 0.00 1.47 1.45 5.53 0.45亿 1.27亿 31.33亿 36.40  
3 000815 美利云 13.00 3.50 0.44 0.08 24.20 6.12 15.29 9.92亿 3.17亿 41.18亿 --  
4 600793 宜宾纸业 19.10 3.30 0.61 -0.05 1.59 0.81 6.22 0.31亿 1.05亿 20.11亿 12.66  
5 603165 荣晟环保 18.42 2.79 0.50 0.11 3.24 0.92 4.30 0.26亿 0.44亿 8.17亿 11.83  
6 002012 凯恩股份 5.50 2.42 0.13 0.00 4.33 0.59 3.54 1.11亿 4.67亿 25.69亿 534.46  
7 603733 仙鹤股份 15.57 2.23 0.34 0.00 3.62 0.63 2.96 0.35亿 0.62亿 9.65亿 66.77  
8 002078 太阳纸业 7.16 1.99 0.14 0.14 0.79 0.54 3.28 1.44亿 25.51亿 182.65亿 12.20  
9 600103 青山纸业 3.18 1.92 0.06 0.32 0.77 0.46 2.56 0.26亿 10.62亿 33.77亿 26.07  
10 600069 银鸽投资 3.26 1.56 0.05 -0.31 0.54 0.53 3.74 0.28亿 16.24亿 52.94亿 --  
11 600567 山鹰纸业 3.59 0.84 0.03 0.00 0.77 0.67 2.25 1.27亿 45.85亿 164.59亿 8.98  
12 002521 齐峰新材 6.02 0.67 0.04 0.17 0.91 0.62 2.17 0.23亿 4.25亿 25.60亿 374.07  
13 002067 景兴纸业 3.83 0.53 0.02 0.26 0.88 0.57 4.20 0.33亿 9.75亿 37.34亿 14.28  
14 600308 华泰股份 5.08 0.20 0.01 0.40 1.25 0.74 2.56 0.74亿 11.68亿 59.31亿 14.56  
15 600963 岳阳林纸 5.91 0.17 0.01 0.00 5.92 0.59 6.10 3.67亿 10.43亿 61.65亿 --  
16 000488 晨鸣纸业 5.95 0.00 0.00 0.00 1.37 0.66 2.19 1.35亿 16.58亿 98.65亿 113.04  
17 600235 民丰特纸 6.17 -0.48 -0.03 -0.32 4.57 0.32 7.10 0.99亿 3.51亿 21.68亿 309.68  
18 600966 博汇纸业 3.68 -1.07 -0.04 -0.27 1.34 0.35 5.11 0.66亿 13.37亿 49.20亿 10.05  
19 002511 中顺洁柔 10.55 -2.77 -0.30 0.00 1.04 1.03 4.42 1.38亿 12.58亿 132.73亿 27.93  
20 600433 冠豪高新 4.46 -7.66 -0.37 0.23 2.54 1.48 6.00 1.44亿 12.71亿 56.70亿 89.01  
