1 600621 华鑫股份 13.75 6.18 0.80 0.00 6.98 1.29 7.18 5.10亿 5.35亿 73.60亿 54.45  
2 000783 长江证券 7.88 5.77 0.43 0.25 1.60 1.18 7.52 6.87亿 55.29亿 435.72亿 14.24  
3 601198 东兴证券 13.25 4.17 0.53 0.08 1.21 0.78 4.32 4.39亿 27.58亿 365.43亿 16.47  
4 601108 财通证券 11.25 2.65 0.29 0.00 2.46 0.67 3.65 6.60亿 24.07亿 270.75亿 25.81  
5 600909 华安证券 6.67 2.62 0.17 0.00 1.10 0.86 3.85 1.97亿 27.02亿 180.22亿 43.62  
6 000712 锦龙股份 13.80 1.84 0.25 0.00 1.30 0.44 3.03 1.42亿 7.96亿 109.85亿 34.80  
7 601377 兴业证券 6.74 1.66 0.11 0.00 0.85 0.72 2.26 3.81亿 66.97亿 451.36亿 11.30  
8 601099 太平洋 4.01 1.52 0.06 0.00 2.15 0.49 2.53 5.87亿 68.16亿 273.33亿 19.26  
9 002736 国信证券 12.34 1.40 0.17 0.00 0.18 0.47 2.96 1.83亿 82.00亿 1011.88亿 13.42  
10 000750 国海证券 5.35 1.33 0.07 0.00 1.41 0.64 2.65 3.18亿 42.16亿 225.53亿 22.53  
11 002939 长城证券 12.24 1.24 0.15 0.00 4.70 0.65 2.48 1.78亿 3.10亿 37.99亿 32.51  
12 601555 东吴证券 11.24 1.17 0.13 0.18 2.13 0.51 3.96 6.88亿 28.91亿 324.95亿 13.74  
13 601990 南京证券 12.19 1.16 0.14 -0.08 6.68 0.51 4.07 2.24亿 2.75亿 33.52亿 39.70  
14 002500 山西证券 8.69 1.05 0.09 0.12 1.04 0.66 2.44 2.56亿 28.29亿 245.82亿 23.80  
15 002673 西部证券 10.63 1.05 0.11 -0.09 0.95 0.59 2.19 3.52亿 35.02亿 372.25亿 15.99  
16 000776 广发证券 15.56 1.04 0.16 0.19 0.57 0.78 2.14 5.26亿 59.19亿 921.04亿 10.16  
17 000166 申万宏源 5.14 0.98 0.05 0.20 0.27 0.61 1.38 2.74亿 200.28亿 1029.45亿 17.28  
18 600999 招商证券 17.53 0.98 0.17 0.00 0.30 0.64 2.48 2.61亿 49.04亿 859.62亿 13.80  
19 601375 中原证券 5.55 0.91 0.05 0.00 0.86 0.61 2.73 0.87亿 18.03亿 100.05亿 29.50  
20 002926 华西证券 10.52 0.86 0.09 0.00 0.93 0.61 1.92 1.74亿 17.78亿 187.06亿 14.60  
21 002945 华林证券 11.21 0.72 0.08 0.00 5.05 0.57 3.06 1.53亿 2.70亿 30.27亿 81.76  
22 600958 东方证券 11.17 0.54 0.06 0.09 0.47 0.55 2.07 2.99亿 56.77亿 634.16亿 15.38  
23 601878 浙商证券 10.02 0.50 0.05 0.00 1.82 0.61 2.61 2.21亿 12.09亿 121.09亿 30.57  
24 601901 方正证券 6.98 0.43 0.03 -0.14 0.39 0.74 2.01 2.26亿 82.32亿 574.60亿 24.44  
25 000728 国元证券 9.80 0.41 0.04 0.10 0.79 0.68 2.36 2.30亿 29.46亿 288.72亿 19.55  
26 600109 国金证券 10.27 0.39 0.04 0.10 1.26 0.73 2.64 3.93亿 30.24亿 310.60亿 19.38  
27 600837 海通证券 13.98 0.36 0.05 0.07 1.08 0.64 2.08 12.21亿 80.92亿 1131.28亿 10.66  
28 601881 中国银河 11.55 0.35 0.04 0.17 3.81 0.66 2.61 5.43亿 12.29亿 141.90亿 19.10  
29 000686 东北证券 9.83 0.20 0.02 0.20 2.33 0.51 2.75 5.37亿 23.40亿 230.07亿 10.13  
30 600030 中信证券 23.04 0.09 0.02 0.04 1.09 0.69 1.65 24.60亿 98.15亿 2261.30亿 16.39  
31 002797 第一创业 7.04 -0.14 -0.01 0.14 3.29 0.60 3.26 4.46亿 19.18亿 135.06亿 21.59  
32 600061 国投资本 13.89 -0.14 -0.02 0.00 0.50 0.92 4.75 2.91亿 41.74亿 579.75亿 12.05  
33 600369 西南证券 5.24 -0.19 -0.01 0.00 1.03 0.69 2.10 3.06亿 56.45亿 295.80亿 17.90  
34 601162 天风证券 8.50 -0.23 -0.02 0.24 5.71 0.58 3.05 2.52亿 5.18亿 44.03亿 85.66  
35 601688 华泰证券 20.40 -0.34 -0.07 0.05 0.92 0.81 2.35 10.25亿 54.44亿 1110.52亿 15.14  
36 601211 国泰君安 18.83 -0.48 -0.09 -0.11 0.36 0.81 1.80 5.15亿 75.16亿 1415.29亿 13.95  
37 002670 国盛金控 11.37 -1.39 -0.16 0.00 2.71 0.90 3.82 1.96亿 6.28亿 71.41亿 12.45  
38 300059 东方财富 16.39 -1.44 -0.24 0.06 3.86 0.89 3.67 28.10亿 44.04亿 721.76亿 57.65  
39 600155 华创阳安 13.22 -1.86 -0.25 0.00 3.43 0.82 5.87 5.12亿 11.28亿 149.15亿 21.82  
40 601788 光大证券 12.44 -1.97 -0.25 0.00 1.17 1.13 4.02 5.69亿 39.07亿 485.99亿 10.89  
41 601066 中信建投 23.36 -6.49 -1.62 0.00 16.18 0.61 7.69 15.40亿 4.00亿 93.44亿 30.01  
42 600864 哈投股份 7.78 -7.71 -0.65 0.00 6.79 0.90 7.24 8.57亿 15.78亿 122.79亿 8.77  
