1 000650 仁和药业 8.98 10.05 0.82 0.00 15.51 1.14 12.50 16.03亿 11.80亿 106.00亿 19.47  
2 603963 大理药业 16.02 6.16 0.93 0.13 3.78 0.86 5.76 0.46亿 0.76亿 12.24亿 70.33  
3 000790 泰合健康 5.80 5.84 0.32 0.17 2.22 0.66 8.03 0.71亿 5.60亿 32.47亿 66.04  
4 600222 太龙药业 5.37 5.09 0.26 -0.19 2.76 1.14 5.67 0.83亿 5.67亿 30.44亿 59.80  
5 300181 佐力药业 6.15 4.77 0.28 0.00 2.07 1.00 6.47 0.58亿 4.64亿 28.52亿 86.46  
6 600594 益佰制药 6.45 4.71 0.29 0.00 1.77 0.97 6.66 0.90亿 7.92亿 51.08亿 21.56  
7 600993 马应龙 17.30 4.28 0.71 0.00 2.52 2.38 7.41 1.87亿 4.30亿 74.43亿 14.03  
8 600781 辅仁药业 15.54 4.16 0.62 0.00 1.71 0.82 3.69 0.99亿 3.74亿 58.16亿 11.33  
9 600436 片仔癀 115.30 3.78 4.20 -0.01 0.75 0.94 3.41 5.13亿 6.03亿 695.62亿 43.01  
10 600572 康恩贝 8.15 3.56 0.28 0.00 3.39 1.05 5.72 7.31亿 26.61亿 216.84亿 30.84  
11 002198 嘉应制药 9.13 3.40 0.30 0.44 5.71 0.69 5.21 2.34亿 4.51亿 41.20亿 136.65  
12 002566 益盛药业 7.14 3.33 0.23 0.00 2.55 0.56 7.82 0.41亿 2.28亿 16.26亿 35.02  
13 300534 陇神戎发 6.83 3.33 0.22 0.00 1.93 0.63 5.14 0.27亿 2.03亿 13.86亿 77.50  
14 603858 步长制药 31.91 3.07 0.95 -0.03 2.29 1.07 3.91 3.10亿 4.26亿 136.00亿 24.88  
15 002118 紫鑫药业 10.85 3.04 0.32 -0.18 5.79 1.01 9.78 7.97亿 12.80亿 138.93亿 --  
16 600285 羚锐制药 9.37 2.97 0.27 0.00 1.73 0.77 4.29 0.85亿 5.30亿 49.62亿 13.60  
17 002390 信邦制药 5.96 2.94 0.17 0.17 0.88 0.40 4.66 0.83亿 15.96亿 95.15亿 40.19  
18 600422 昆药集团 11.43 2.79 0.31 0.09 3.61 0.70 3.69 3.13亿 7.59亿 86.72亿 21.13  
19 300519 新光药业 15.34 2.75 0.41 0.00 1.15 0.71 2.88 0.17亿 0.98亿 15.04亿 18.84  
20 002349 精华制药 6.62 2.48 0.16 0.00 0.44 0.53 2.48 0.24亿 8.20亿 54.30亿 20.46  
21 002750 龙津药业 14.77 2.43 0.35 -0.20 2.99 0.79 5.48 1.76亿 3.97亿 58.68亿 282.37  
22 600129 太极集团 11.35 2.25 0.25 0.09 0.75 0.80 4.05 0.46亿 5.44亿 61.73亿 15.03  
23 002728 特一药业 16.46 2.24 0.36 0.06 0.94 0.75 3.73 0.18亿 1.20亿 19.68亿 20.60  
24 600252 中恒集团 3.23 2.21 0.07 0.00 0.42 0.67 2.53 0.47亿 34.75亿 112.25亿 16.15  
25 002907 华森制药 19.20 2.13 0.40 0.05 2.54 0.83 3.51 0.29亿 0.59亿 11.32亿 61.49  
26 603139 康惠制药 17.09 2.03 0.34 0.12 1.37 0.59 3.10 0.13亿 0.54亿 9.17亿 41.44  
27 603896 寿仙谷 40.00 2.02 0.79 -0.05 2.99 1.07 5.51 0.72亿 0.61亿 24.42亿 33.10  
28 600613 神奇制药 7.11 1.86 0.13 0.00 0.97 0.73 4.73 0.33亿 4.79亿 34.08亿 40.00  
29 600351 亚宝药业 7.65 1.73 0.13 0.13 0.71 0.55 4.39 0.42亿 7.70亿 58.91亿 19.58  
30 002412 汉森制药 18.85 1.67 0.31 0.27 0.77 0.68 2.21 0.41亿 2.88亿 54.26亿 34.68  
31 002603 以岭药业 12.50 1.63 0.20 0.08 0.53 0.71 3.42 0.66亿 9.89亿 123.64亿 13.07  
32 600332 白云山 45.49 1.61 0.72 0.02 2.48 1.51 5.14 11.91亿 10.71亿 487.28亿 13.14  
33 002864 盘龙药业 30.25 1.44 0.43 0.00 1.54 0.57 2.15 0.21亿 0.45亿 13.59亿 54.68  
34 600976 健民集团 18.31 1.44 0.26 0.11 0.64 0.45 3.05 0.18亿 1.53亿 28.07亿 25.96  
35 000989 九芝堂 10.98 1.39 0.15 0.00 1.05 0.60 2.77 0.74亿 6.41亿 70.40亿 29.63  
36 603998 方盛制药 10.01 1.32 0.13 0.60 5.35 0.69 4.66 2.29亿 4.25亿 42.56亿 45.67  
37 002433 太安堂 5.57 1.27 0.07 0.18 0.60 0.50 2.73 0.25亿 7.37亿 41.05亿 29.93  
38 300026 红日药业 3.40 1.19 0.04 0.00 0.57 0.69 2.08 0.48亿 24.97亿 84.90亿 14.60  
39 603567 珍宝岛 13.23 1.15 0.15 0.00 0.13 0.60 1.61 0.14亿 8.49亿 112.34亿 16.63  
40 300147 香雪制药 7.43 1.09 0.08 0.00 0.60 0.43 2.31 0.30亿 6.60亿 49.07亿 39.72  
41 000538 云南白药 88.50 1.08 0.95 -0.11 0.38 0.74 2.63 3.44亿 10.41亿 921.63亿 27.23  
42 002424 贵州百灵 11.24 1.08 0.12 -0.09 0.91 0.46 3.15 0.75亿 7.28亿 81.86亿 25.28  
43 002737 葵花药业 16.09 1.00 0.16 0.00 0.72 0.52 1.44 0.60亿 5.17亿 83.15亿 14.41  
44 002826 易明医药 10.97 0.92 0.10 -0.09 0.61 0.47 1.84 0.08亿 1.13亿 12.41亿 79.23  
45 300039 上海凯宝 4.75 0.85 0.04 0.21 0.56 0.54 2.12 0.29亿 10.62亿 50.46亿 17.76  
46 600566 济川药业 36.10 0.81 0.29 0.00 0.75 0.67 1.51 2.19亿 8.15亿 294.18亿 14.42  
47 002275 桂林三金 14.12 0.79 0.11 0.00 0.12 0.46 1.28 0.09亿 5.33亿 75.31亿 23.73  
48 002817 黄山胶囊 19.15 0.63 0.12 0.47 1.29 0.52 2.21 0.10亿 0.42亿 7.95亿 47.25  
49 600085 同仁堂 31.17 0.39 0.12 0.00 0.47 0.96 2.13 2.00亿 13.71亿 427.49亿 30.61  
50 002644 佛慈制药 8.16 0.37 0.03 0.12 0.62 0.49 2.46 0.26亿 5.11亿 41.67亿 80.27  
51 002287 奇正藏药 28.87 0.31 0.09 0.00 0.10 0.52 1.88 0.12亿 4.06亿 117.21亿 34.57  
52 600750 江中药业 17.78 0.17 0.03 0.06 0.86 0.77 1.69 0.64亿 4.20亿 74.68亿 14.69  
53 002317 众生药业 9.92 0.10 0.01 0.10 0.63 0.72 2.22 0.49亿 7.79亿 77.27亿 16.03  
54 600479 千金药业 10.88 0.09 0.01 0.09 0.86 0.39 2.02 0.39亿 4.19亿 45.53亿 26.10  
55 002873 新天药业 17.09 0.06 0.01 0.24 1.03 0.71 2.34 0.11亿 0.62亿 10.53亿 28.85  
56 002107 沃华医药 7.82 0.00 0.00 0.00 0.34 0.59 2.17 0.09亿 3.48亿 27.24亿 52.11  
57 600535 天士力 21.92 -0.95 -0.21 -0.05 0.67 0.93 2.94 2.24亿 15.13亿 331.58亿 18.50  
58 000999 华润三九 29.50 -1.17 -0.35 -0.14 1.04 1.90 4.66 2.99亿 9.78亿 288.63亿 6.19  
59 600211 西藏药业 37.98 -2.11 -0.82 0.05 0.80 0.43 3.35 0.44亿 1.46亿 55.29亿 24.12  
60 600538 国发股份 5.53 -2.30 -0.13 5.74 2.32 1.00 7.77 0.56亿 4.64亿 25.68亿 416.14  
61 600671 天目药业 16.58 -2.53 -0.43 -0.06 3.99 0.78 5.88 0.81亿 1.22亿 20.18亿 --  
62 600329 中新药业 15.87 -3.41 -0.56 0.32 1.59 1.94 5.42 1.43亿 5.66亿 89.80亿 16.05  
63 300108 吉药控股 6.92 -4.95 -0.36 0.44 2.23 1.25 11.13 0.69亿 4.55亿 31.49亿 39.89  
64 000590 启迪古汉 13.48 -5.40 -0.77 0.97 7.04 1.10 8.98 2.14亿 2.23亿 30.09亿 74.81  
65 600771 广誉远 30.35 -6.33 -2.05 0.03 3.98 2.58 7.53 3.27亿 2.68亿 81.43亿 46.72  
66 600557 康缘药业 13.30 -6.99 -1.00 -0.30 1.47 1.65 10.14 1.22亿 5.99亿 79.60亿 18.36  
67 000423 东阿阿胶 43.79 -7.22 -3.41 -0.02 2.81 2.56 4.28 8.02亿 6.54亿 286.33亿 18.21  
68 600518 康美药业 9.54 -10.00 -1.06 0.00 0.34 0.10 0.00 1.41亿 44.09亿 420.60亿 53.71  
